Node,P1,P2,P3,P4,P5,P6,P7,P8,P9,P10
3825,0.6727634686580478,0.34309912220534067,0.6965280685135568,0.19221507727265807,0.3500778467447727,0.1133883299130859,0.12145725102279648,0.09444907003678871,0.11635182209445971,0.04221529459867379
3568,0.8472704400321229,0.6628266483997745,0.8937773804548389,0.23370990270885628,0.5322465459408535,0.138077348585251,0.6357186462097181,0.151128950616366,0.2025585285286784,0.1137116569212594
3549,0.9698908520615477,0.945344257068908,0.9328858181124512,0.7202521549996109,0.819969383980302,0.4236141468348469,0.5410554498592559,0.4755546167318544,0.5139731563866662,0.18479303862591878
3905,0.8913485977889135,0.7474549643374654,0.967155007393287,0.5233041988867478,0.7767848019917138,0.13854436823096128,0.7059532368417127,0.2875650999207843,0.612597884583041,0.062382724200258144
3750,0.8186977528928527,0.6589897313632955,0.9921259831895569,0.3404745507159642,0.6778977017820561,0.1736114654258737,0.6202764047067447,0.015123193333682283,0.4489907783129733,0.09765341261329397
3596,0.8937281847956295,0.7288348565910622,0.9739933220019061,0.29917439029877735,0.4839364390650114,0.17960309287518594,0.6770796351299293,0.023092129083229218,0.26362624902784715,0.0995160744450464
3710,0.8865669860810284,0.7818115504874134,0.9008743455402553,0.4929268964218889,0.6922842220872212,0.3925653539701157,0.6707426080667679,0.09621583117370713,0.5682563483858313,0.32952328817062926
3713,0.9396510551882848,0.9295726135988504,0.9033379870356666,0.2761286884411075,0.4649480059748511,0.16817271528115452,0.28065130298101193,0.13871002368455487,0.20308121094902154,0.15634734284248453
3611,0.8874670416685795,0.8357098320108851,0.8355852487941673,0.44632292550107056,0.4756055139853933,0.09077641842236683,0.5153531673088528,0.21627062882633608,0.4539739096138634,0.0626852449902443
3542,0.693410245561957,0.6496332210849648,0.7180442706473241,0.5842395514723311,0.5985251415627743,0.29973027618853454,0.6363736945907642,0.11795108043110913,0.35811558807807076,0.24633461411609603
3726,0.8144147747696963,0.7354479135018932,0.7631242774551601,0.5023773693234156,0.5663164109077388,0.30159935310891295,0.4943674327719254,0.1273527495047898,0.4885895558642329,0.1678703177289802
3972,0.963429911701487,0.8647950409598073,0.8861575991228844,0.7460752685000532,0.8752916584938143,0.02332193732429977,0.5418327976658426,0.04863700029678353,0.1714913031377996,0.009590238327947143
3633,0.980340155311672,0.8643320258252262,0.9650590250779114,0.3630222827524514,0.6590021881987422,0.26084854737590946,0.855717968929919,0.26961766916669194,0.5364675996130119,0.005847579814635462
3448,0.9391360387273349,0.9294095718677975,0.9776468357365315,0.6396911634340823,0.6566484603073932,0.39582928426940145,0.7766291171102148,0.021305394483590145,0.3624124178183079,0.03359542202228871
3550,0.6746833874098916,0.6713727661594283,0.8939671434888068,0.6413856785724488,0.6453132775502661,0.23670129941313534,0.5494496171176126,0.41819109393278764,0.48503229323820307,0.1819881899689355
3968,0.8222352493937022,0.6787915241770884,0.822619400264967,0.5074294022633687,0.819802453409526,0.09860501319163406,0.6598120140240052,0.060602261133871904,0.06969469616794488,0.014637592504087471
1085,0.8180569067350633,0.6447113693328099,0.8196119667877613,0.5256296529803589,0.7718137918724758,0.44916533264181246,0.49370512775320585,0.0985053498323103,0.39945441985767516,0.024867774038624613
3721,0.8102127374029601,0.7813026211868495,0.926339739931233,0.7669038147227595,0.7993457440262516,0.6995709997778379,0.732162867377724,0.3100808695859444,0.49199773119034507,0.3172230782855485
3623,0.8607512881579474,0.7664713158763956,0.9885199963163702,0.4075922918288205,0.7898040611271926,0.18000360719412678,0.5121880110268318,0.21835256811757853,0.41256018230134306,0.17900986918612838
3866,0.9839407254573332,0.40810616783878106,0.7038842073058371,0.2541322074283332,0.6272088264901713,0.2455879040361093,0.2599938250497753,0.018149178637400065,0.1119954683561174,0.06705540854055558
3640,0.9677922560077347,0.734314024222318,0.8100631582120765,0.4377579417517634,0.5405211026276148,0.373760150743766,0.7284732504644237,0.32929583506486715,0.3506588565535661,0.3398433899273151
3800,0.8488629348858464,0.4122378671909799,0.9574355406043942,0.392757673194289,0.5596062986832951,0.1895190463473294,0.40439837215395014,0.23284154586390127,0.354511474425397,0.00733051486605496
3762,0.9680260433881064,0.8536630148261597,0.9294040998775105,0.6401575070382876,0.7803976926966271,0.49770976467825523,0.8525465556079557,0.31091280073462013,0.6361486929371868,0.36747065869624296
3559,0.8627531753684079,0.720113581430296,0.8020088327472352,0.5352518847396296,0.7864403263610877,0.1670034132675121,0.5688557307053821,0.20149783057148896,0.5328237937400468,0.1176915764886376
3609,0.7205187694711371,0.4689468109875595,0.8276557165153637,0.3040802138355081,0.5590902806379912,0.12081326038584539,0.435177224522718,0.04720840382575131,0.2556581926483483,0.06324933500293561
3495,0.9671330379581026,0.8085268655438361,0.8882191297256862,0.7433358210255788,0.7771279226842369,0.37054625783630957,0.6482972526229633,0.1439719800485152,0.5994702354300244,0.02799243578628885
3793,0.965403493176783,0.7903178244444342,0.6846909359198705,0.4753662339227702,0.500386966951226,0.3889736626141087,0.5354778260107983,0.23367815366032985,0.4827875934493093,0.3445224095552474
3951,0.9997326897003087,0.8402668149868491,0.9005030484171537,0.28413392325502906,0.5279708275561051,0.14313278856848588,0.666466467503519,0.18291878084494895,0.3184810318375513,0.012126848296941772
3873,0.9078728194334929,0.5426842441632108,0.6328164230525777,0.22838285659085145,0.27799962367503894,0.13971165966353116,0.4380387946738933,0.20045066368662867,0.20613248057128408,0.07001607326869985
3471,0.7564170424752392,0.6510787680465856,0.7786654538622781,0.5734285447925541,0.7385796759369109,0.5280877201396303,0.5616714023924292,0.1653478022910162,0.274512248083272,0.021176589103907184
3851,0.8554005822852772,0.7039125137726874,0.9374814155618943,0.4634075721312719,0.7962161004537862,0.18151375959414817,0.4323872935746801,0.3840140631130943,0.3863259314978805,0.16857059891338777
3780,0.8930798131298666,0.8267033824315198,0.8752350902329442,0.49812882299281,0.5554584479545338,0.4413477211479957,0.5606622695743347,0.44230908874622,0.5234472691601617,0.09194260362486995
3576,0.7749518000335346,0.6058534167070787,0.7678396475686867,0.39734778174310004,0.6848456916457175,0.21570554583334145,0.4493186699584669,0.2518988617464222,0.25296443199827046,0.17327851263423522
3707,0.8868717315234173,0.8605525135265345,0.8031397747018529,0.783525748695266,0.7954523198516482,0.2602855267436396,0.5657530752139358,0.03925866242613152,0.25581181361812144,0.15834887497989936
3500,0.9972701910711257,0.9377977210193914,0.8395743082000465,0.6708427305571667,0.8328535986882402,0.3223195604961656,0.817101554124337,0.04901912954347054,0.8047158478395353,0.0951288806949826
3615,0.8760735722688633,0.7631175396681298,0.8983547259670105,0.6870996328250167,0.8566851327481163,0.29358413206714984,0.4852845866800707,0.011710125753447542,0.3161230188173967,0.1977158147300856
3944,0.9655388400900808,0.6183778871362448,0.9053399469936251,0.5414271366476593,0.6634328076006872,0.08838584228143043,0.4437596742219233,0.10973514614194635,0.4344147610757497,0.03649378212854293
3867,0.8260367503985694,0.7755696469457388,0.8314997497271546,0.7753994956217961,0.8209290125267862,0.20535092788074694,0.7698495222358066,0.023326110042522163,0.594965430329741,0.005450181780610408
3599,0.9994049480935139,0.729404304766557,0.8527316968924796,0.6749595042114306,0.6844070706389372,0.667386953459075,0.7105128987829493,0.3714870077665757,0.4784626394311263,0.3802504846095506
3845,0.9150757512589707,0.8427334741499277,0.9713257023060569,0.4020347950332305,0.4583080560644105,0.14284797615891232,0.4723013569857343,0.20432362459163989,0.2640139727752999,0.028153591230953623
3953,0.7179582800938261,0.4849440708381121,0.9655422338903791,0.45100609797414026,0.556571716245551,0.1277624369180198,0.4589247937122508,0.013393364941305719,0.2176875000116223,0.01169947176705266
3775,0.9599491530656139,0.6681599634011521,0.5823950831682229,0.2373959651883213,0.5620841156899246,0.22747885168943338,0.25630376875544714,0.020714400215846474,0.24487873051277464,0.15299854533962942
3799,0.9610547438029869,0.875201609507964,0.9577194285165316,0.49756144856375906,0.8697626081519925,0.37274747076242487,0.4733113108783339,0.06975469752384877,0.4092641624997093,0.022154565673002558
3638,0.7537764331751096,0.5102979704901666,0.8790396695685102,0.4992250989995508,0.6860704544980283,0.325403728115485,0.500010084122415,0.21739760023911747,0.3681812546456754,0.07485492671252758
3562,0.7831567236126221,0.7798586064858034,0.9777233178567166,0.4803403459690335,0.6061024874494007,0.23251289322769042,0.5107988658236091,0.009036238278757214,0.37093381531272906,0.17559087523900752
3479,0.8904745179215559,0.7814713026090749,0.7784486062693174,0.5537927468697449,0.7308209264405657,0.506803070420578,0.5669541849604374,0.3608587946786701,0.46027718128110884,0.056876396026061316
3926,0.8529304822015847,0.6704960888495974,0.7800995733579306,0.348448285858748,0.7498549812032065,0.18385921043499753,0.6063992920200488,0.011882786834109815,0.5680463294315816,0.06906034958597129
3930,0.696137055292319,0.5439612257072057,0.6090908200707378,0.4361698424575099,0.564251372727947,0.06440981803686774,0.27223572024432574,0.026464168071353544,0.0754769407069319,0.05556200955387336
3826,0.9796552317678283,0.9328018742147641,0.7724888728426574,0.4341249317495567,0.6690891309583329,0.4282411592113895,0.6034313126782225,0.27043464076635504,0.5372525943817651,0.20575252910031006
3869,0.9080724244854267,0.8449564392022163,0.8834963093061292,0.44705408463437624,0.5440680059572699,0.193734325792409,0.6185258396477518,0.2795078530925579,0.5207798519312673,0.009564340874480437
3782,0.8487776413475129,0.6151970341051255,0.8648663929799743,0.6026940490470086,0.6450062319975527,0.5045442317832375,0.5271203436783224,0.06139040630681902,0.2619991317925784,0.12852224999747752
3558,0.8868850593641617,0.6874869993344641,0.9558158037338493,0.2790952317486167,0.6302436372633122,0.11748268980810594,0.42581926466416165,0.04529216896847599,0.24528658308559426,0.06644322051113094
3838,0.9490217716434888,0.8218187407428218,0.8013912558367038,0.3628347227261398,0.47399613205792956,0.3214103131443261,0.6298962928992152,0.07755052642492244,0.317910035764268,0.15806797804135353
3804,0.7556612785009612,0.5809734947532423,0.9294039011223463,0.23848135208759158,0.6485230695300914,0.15525895754175534,0.4854285328344985,0.06440048738698712,0.30969902883139067,0.10258002782496256
3517,0.9266302793410546,0.8639842287132103,0.9192032064105817,0.48540246257715625,0.6951836312261984,0.42929759892670627,0.7126686808773035,0.1976776893095794,0.438775280141402,0.2700998476481651
3577,0.9624983423131351,0.9096267406873167,0.9512670606031403,0.7129351508710753,0.8638037907755666,0.14612215346712376,0.7018906195939426,0.034345145999200466,0.6778062988354459,0.022295714239293662
3620,0.8991657933020909,0.8783900956547701,0.4863108462166563,0.25181789479881356,0.45442886424819406,0.10199682678181121,0.2918442697971796,0.15196240636904257,0.2789455666958326,0.025397302105947928
3792,0.9001671629157529,0.8566814181051257,0.9686065705227992,0.3760058955341602,0.49079003049826997,0.16445987937503692,0.5254613000509674,0.2668800641177065,0.367444939098757,0.07491246416345054
3860,0.7375559301609063,0.4415203671952723,0.8724333876625104,0.28716555406243716,0.7324269622680872,0.2367540435726888,0.41863820192583145,0.0003139727826507732,0.36344671430498887,0.07871837228819034
3528,0.6856620319767978,0.5492429099220805,0.7845016260865412,0.427891564458429,0.5651752009380306,0.19321333710846977,0.47689720178639494,0.11481618987111197,0.2946739231634675,0.17235992549673196
3924,0.9624683730862649,0.8916548131768609,0.9892882342563702,0.5299264274599539,0.9155414658050172,0.4640832618294385,0.4831783083453556,0.013773317648508532,0.2777108213600802,0.15870047353337746
3969,0.9347290943310305,0.8705540768572397,0.9570993495937951,0.5860336433196189,0.89609804677712,0.151761724279454,0.701430604433551,0.017787539104008987,0.700779810880922,0.09647314690962239
3697,0.882875066599155,0.8447445335785021,0.5213731603491198,0.4107528929091866,0.4775467212562793,0.3471549628748277,0.3980915579861116,0.1699728413349546,0.396387919281214,0.20619701813826807
3830,0.7934794697966349,0.3301965038969841,0.7976167653683385,0.1944489221104556,0.5645771497398849,0.13117940752713309,0.32222746719942874,0.06451394220857276,0.13106837794842674,0.08175330072415032
3702,0.8549600191289701,0.8100099544775785,0.5342661522973416,0.18552353566781743,0.523126880401112,0.13893202681607542,0.4014162622785623,0.024385823663706008,0.19077057699701583,0.041401048074876545
3627,0.9806420074021786,0.9463325522536069,0.9143215281725391,0.8010365899209351,0.9118040762612176,0.5277390449260014,0.6196553779753192,0.12628978674043334,0.33718262360576867,0.0756181893134883
3493,0.6571722832712568,0.6146755484558961,0.852963859603124,0.5037248241227066,0.5911718138828432,0.4608634483252513,0.6096676308587976,0.16561041238906182,0.43696318975968584,0.18030701739842692
3527,0.922628427411852,0.5563471290633687,0.8215167966566279,0.4696002503345671,0.789897919640034,0.1359775674285747,0.5187670816701716,0.1958498432038841,0.4955324978724015,0.12875424620431797
3612,0.9321909027708815,0.7289675004532905,0.7689714035698438,0.4779125065140285,0.7381364953356175,0.4036134799069767,0.636060877771214,0.13158540677693586,0.6113292882955752,0.3476078302247718
3937,0.7877582506363117,0.38496599853008506,0.42080773613449873,0.25199140974378587,0.42015132275907396,0.18049760115242552,0.3180429571792648,0.06581088911562905,0.2643297451455655,0.07520299434345779
3674,0.7677555326740841,0.7109170230499146,0.9501857651783312,0.5513155912707209,0.6678662270331039,0.43018340449966497,0.6130034730540215,0.19186514806616684,0.40894534119262804,0.02638539598930456
3463,0.9490935400814589,0.6296080100833956,0.8285239433949851,0.13602993012261233,0.7015497355496451,0.09885467281993765,0.2417717588969983,0.007219460207258166,0.23996483115070733,0.0983457915775755
3909,0.9658752018059569,0.5750164740932193,0.6335748853112981,0.2916186418127311,0.35500226056931083,0.23814615582302023,0.37935439268657123,0.0640505336206123,0.2908940160224096,0.03624037943995395
3813,0.6066263169458362,0.4495546815540339,0.7152836496317297,0.2226594636624467,0.31695023819918133,0.20191331319586592,0.43399305489675233,0.04196723347929532,0.1895935397534967,0.010295184891748965
3510,0.9069448965940137,0.8471415683396553,0.8601887403276287,0.7752194929894739,0.7895346117535443,0.6844727791268419,0.8031938528022817,0.050166266372753454,0.30399439125571437,0.219647816995297
3915,0.9565427903356692,0.7692009491111089,0.9785401238905715,0.7428450686882746,0.8124752686518736,0.17960294560072465,0.45960260312327883,0.11706920872572313,0.3766429439579727,0.141966319670085
3677,0.9654324975026267,0.8076781877924734,0.5946241905736811,0.4761211257478658,0.585154836808505,0.23416431893903866,0.5220302632203662,0.08240141694795078,0.3934161296273525,0.055407107418066315
3964,0.7827675428837128,0.6735322737668552,0.9249680272906772,0.5441620949585938,0.6507280089023784,0.3666202303275228,0.6511059222450354,0.006841858961388114,0.5559135881203345,0.14023839611295175
3836,0.8006858323534827,0.7311144800560708,0.8298441783164631,0.5280208472511,0.5532467483296308,0.27430086941020093,0.5635188434501726,0.06184882812545345,0.45955503420564536,0.2554333312048295
3764,0.9630839344751704,0.8169033205890841,0.944756519006874,0.3924175950636467,0.5523584180191693,0.3374587233285473,0.5090416087589323,0.1795748100068134,0.4337090989032637,0.13542050928683247
3758,0.8523656499979142,0.7305326128208385,0.9809631256153858,0.383700402312505,0.6168776883470356,0.2982647893069319,0.5006002116556241,0.15166042229150856,0.3580685593130871,0.20921947832121335
3822,0.8186571299565335,0.8123285857713303,0.7433700511903332,0.5483561887477482,0.6991550587945045,0.471629155252254,0.48056804079240545,0.08467784600123651,0.4557135205123293,0.34488533517328346
3833,0.7523780977731013,0.7160950686395443,0.6930807663150922,0.4401730464090474,0.5684024272801593,0.1902741253343122,0.6330868277276468,0.22104660502934004,0.4363973588097124,0.156740629861857
3610,0.9621891886581899,0.8811906427152811,0.9940940474844201,0.3237288915183415,0.4803899079427387,0.1840643868956865,0.6891402626380309,0.28016517195490653,0.3588091671342801,0.15462527475140775
3847,0.9262637901692576,0.8444938391384206,0.9825601783549087,0.5154170394579133,0.8627765302652264,0.28277068935779404,0.6507724102139318,0.04602743474445292,0.26398662463668854,0.14045472663874614
3797,0.9186054393004428,0.9165693373617284,0.9823528008484526,0.7870235484403639,0.8698114769635341,0.5273203414067494,0.8773161140475783,0.3315261547578652,0.822403728548486,0.33257433294727023
862,0.9195383402900412,0.6358604186819475,0.8789941520000825,0.19876198384172328,0.5532096637699239,0.16160871599681204,0.3149100558685147,0.06985098514907206,0.3130518774134132,0.15430293917484472
3950,0.7070989611279331,0.5011964478766759,0.5743030748505903,0.3336338151760233,0.4218278272169578,0.2617177586555445,0.33807474878830857,0.06974604467728795,0.22380504361701314,0.21425898324150983
3529,0.7596527691802443,0.646805262704297,0.9426199295502469,0.2878244747154316,0.7157094346999467,0.17471735970919944,0.6423345351723654,0.23270994521692623,0.5874265835417126,0.04945483474876711
3741,0.999835995666489,0.8765011314164058,0.9478799955270626,0.6557932041505092,0.9391980072051097,0.2218946838685607,0.5803601294688653,0.2555478083128466,0.3023497521432683,0.18678225506127222
3895,0.9149795354830634,0.8336580593400502,0.7988967962617535,0.3240477006711008,0.3790684118224238,0.20145187474981174,0.2564214463260296,0.126094426066638,0.15220249689816379,0.12451365336705289
3464,0.6592669264319658,0.6047454225698469,0.8495077937985392,0.41169500874635223,0.5523264186979506,0.3363263155139089,0.5313111614240267,0.0800228271805441,0.44410249574567573,0.22376554907587942
3788,0.825323292036668,0.7598767264414791,0.7052699849985948,0.40664803877972666,0.5181292681536105,0.1966348716449623,0.6259219371928253,0.10270797190085912,0.5148164743054578,0.16820632929062684
3491,0.6541490574837572,0.5808290585598873,0.8871273299471613,0.4355001593497474,0.5543501572620311,0.20472676269783696,0.4205852946355275,0.22503694001608832,0.35448822987551776,0.03826537975569677
3462,0.9329035390289199,0.8936784456046307,0.8612109646325794,0.3969178383240578,0.8393830099918455,0.3816248784495998,0.7706172350370932,0.3395921435458572,0.6281696092224383,0.07532190433136554
3718,0.901372663345244,0.8008551942970811,0.7890912457684036,0.3283351754004519,0.409233289957861,0.32283805591842163,0.7297985414947443,0.23272594471047703,0.39138132705996675,0.2699400955222506
3584,0.826734323136536,0.48481903128258885,0.5843123425203152,0.44127552498683564,0.5019912621679765,0.15286736741324358,0.47604863979095113,0.1705622437200064,0.47160354099079027,0.12816062209938495
3484,0.8826262125537188,0.8195578939346829,0.9264299604313149,0.3590128729254023,0.5803732014550579,0.10113174262932378,0.3436611182541546,0.16794882142204548,0.1984581808677257,0.0924100580720405
3842,0.7462842223393987,0.7030002913703457,0.9468058230284545,0.4439072796708079,0.5826138194089678,0.2648412525769579,0.6118566091575253,0.028713044433595902,0.25952156056127995,0.09171260414285476
3545,0.7024247855949859,0.3563099369706877,0.8407305700479711,0.25829526606413855,0.2976634123293571,0.20848921616957972,0.3523427703806111,0.0453471704629419,0.14692729041087027,0.009362728334297521
3480,0.9696834049623441,0.7167673793081378,0.9873780985246854,0.5323392254586378,0.7969839344038164,0.17025301869956722,0.6737693402902615,0.16216787009124112,0.6302631193700111,0.14552245116922757
3608,0.906305479700416,0.7194126079704738,0.9102751934025015,0.7181073836238481,0.8060101426848645,0.28113950735532367,0.564765043787396,0.20317419478117948,0.20589878290939845,0.1033180501681541
3735,0.9900087747698365,0.9162290573132381,0.9921874130772017,0.4528279880432099,0.8324947725848139,0.19256032065728879,0.8907274953644014,0.22238614935529122,0.26534755988247183,0.13521158853545412
3966,0.9157374452720501,0.8867060289582988,0.8263652098060272,0.60546427383972,0.6315220877120994,0.3423858595136593,0.6807194794763409,0.07646491700783464,0.5793362360106308,0.021779722890404085
3440,0.9720127251960721,0.8313144533892063,0.9897737620814001,0.8045337548398633,0.8571815571723457,0.5383118927754099,0.5521953766951427,0.41295399060770377,0.5000253674195952,0.3397283236302089
3651,0.9300073907296816,0.6735466004796324,0.9556572034180015,0.5191202096805304,0.72545705382032,0.3640824640044341,0.39781766889340375,0.29071397418113987,0.3213657332294204,0.07665534209692138
3734,0.9802955965089085,0.9331824760634806,0.8697404360289505,0.8332145784929733,0.8403873676797732,0.4435975581832996,0.46451525162359975,0.23519788858429047,0.24838804156688288,0.003205525812610577
3760,0.9538111341986663,0.8281206542767834,0.9860265211462381,0.5091078826712134,0.7719322132914715,0.4692894884153075,0.6814958256858085,0.3703642172424835,0.6741791972641893,0.3691756840656276
3843,0.8218461328133613,0.4112097785807439,0.9786169532407895,0.38149174800083463,0.6197436950461326,0.208359414607026,0.3172034371876151,0.24743392690316635,0.3162470421245608,0.008725174629803378
3802,0.8655432474151038,0.8305414764214133,0.9436389706146282,0.6675558910203295,0.8638137027191445,0.6196439465813004,0.7332027704771444,0.1476608356082264,0.6790397614688884,0.2968650243932168
3705,0.7638666362967687,0.392288629804044,0.6567246312812498,0.38928436974160385,0.6554733073824924,0.2288934541416635,0.3545304140998675,0.3110208728545617,0.32051268965619106,0.09310257474113104
3719,0.9027123714492341,0.7900167302224649,0.9220939750296852,0.3061906351096223,0.7376722746616402,0.17362892811689645,0.7624677247628807,0.1587720282876064,0.16308024567437118,0.1609145175651686
3511,0.8763919320989871,0.7670290537597219,0.8903518776824374,0.7456260481122214,0.7833785180008512,0.6030983287603827,0.7529202196776601,0.040279673738430555,0.13268356734586184,0.1015111262621311
3492,0.5983277379755093,0.46779296815442684,0.494441240833708,0.1994536076593164,0.26195987330410275,0.1390082997043518,0.46536663018670177,0.18729471187347158,0.2238421913935107,0.049567493130168505
3556,0.9349724117781659,0.7820279988426538,0.9526216856435002,0.7452908232336114,0.8373374406062766,0.7137804977187835,0.7193772794762149,0.11285547456506384,0.5766346287353518,0.041517348823561506
3616,0.7764778328215999,0.7555725309599585,0.7277437574599792,0.5809117567512263,0.6848427558030293,0.49742327618665283,0.7216085991056368,0.07357060929899206,0.6256837377937947,0.44448933672476276
3513,0.9011393209780535,0.7933726095031367,0.8812387655112573,0.573448392116933,0.7118572929394381,0.47220993365564357,0.5597155689060982,0.007559054859393566,0.5337033010556549,0.07540170109695288
3683,0.54747069314361,0.520054760897641,0.7474479024334318,0.40282543745650934,0.496246163998762,0.1689132105415243,0.325364331468746,0.08218356445953845,0.24476752194406637,0.07494107119060878
3886,0.8841148555418148,0.8517369250003195,0.8995181063789872,0.7770371247863165,0.7871103777630749,0.7563943032471634,0.8132847482835522,0.14344254916969146,0.5689536143614041,0.3387663545239523
3743,0.9454858678572224,0.9347555882446227,0.8094129272198846,0.7712402582717329,0.7940614768819088,0.02392004364589484,0.599074885498882,0.19006424126664734,0.4511060440388003,0.012721220725928295
3628,0.9231316952050987,0.7469521391379503,0.338443287998776,0.18551279379968222,0.2757113321565293,0.10162383466521396,0.281291423731421,0.05062373002172604,0.23195870382759776,0.052976298585494686
3486,0.969704872645924,0.8393263569157301,0.8089609737756301,0.5712381649138152,0.5823750874911436,0.5489994992529479,0.6163627833811335,0.5254566993079592,0.5466058445832966,0.379824261331137
3706,0.865659707130586,0.8567377572916665,0.8814332365515001,0.30431665366664507,0.5443449172477812,0.13960837030084128,0.3459218881357332,0.13763605126659362,0.16127246816861263,0.09620445926410848
3722,0.8888658866751004,0.4388101075260362,0.5987613944528581,0.3022096354059246,0.4557359883359464,0.09539901169156284,0.27441771435718043,0.07418216725649907,0.1853944509892168,0.05602996298241647
3876,0.9245472264247709,0.7827790186244146,0.4469215103429808,0.26166428044979506,0.3258755891101073,0.09336369583353266,0.4183496016137659,0.18963368680662496,0.2186897443546152,0.03494911004590062
3475,0.9585914702583583,0.6232872615156799,0.8790948718353965,0.5979688302970887,0.6054387614249658,0.29862247058354996,0.5310997901081506,0.11450309302865203,0.5223905480382101,0.27551318375947864
3902,0.967378553436663,0.9520261878714404,0.8647710166587727,0.4332928698596872,0.7825950492155385,0.40203179498215846,0.8602096453231337,0.2651677230324936,0.4605372821267709,0.3992890660265931
3540,0.9633386482389606,0.6230754998616478,0.9030444970681732,0.40772545561803075,0.8607881707306096,0.3215553404367928,0.4916373555529423,0.2661587228447929,0.27785841176787973,0.12111057279154458
3824,0.9540179462183745,0.9463148124201558,0.8231843381350942,0.6217379771989574,0.7143822326253709,0.08043347092818165,0.7031196277266485,0.20721939523980337,0.4019965352815291,0.033942738618269686
3931,0.6719474375759112,0.6707921675402181,0.9520849897064496,0.49983949997443433,0.5861720726311499,0.342582626399379,0.6648911543774476,0.3356990144595341,0.5062906751836265,0.11147768056921648
3917,0.5186917711725899,0.49583331328542746,0.7062922994656398,0.3706321415070636,0.39389065219814623,0.20783197736678605,0.4323480497209611,0.16272252793570274,0.17299194908953697,0.06484285564941472
3695,0.9685541818375888,0.7772332310751806,0.9165007087648684,0.38114415321302064,0.7044427368694873,0.258527329918686,0.5989755085550643,0.2461377886273074,0.4621067669776687,0.042109244772343235
3889,0.9740500151422871,0.8001707932617946,0.8078270455629536,0.4664615429765764,0.4746604137025241,0.3449842688368939,0.6783448366844994,0.001126251041282389,0.42890979533570783,0.11599629142611878
3958,0.43092517538240227,0.42969145568392764,0.8408726822242554,0.24820875992383318,0.31401662248463724,0.23796997099358486,0.24062372341805272,0.0880895961404159,0.10848409048008756,0.07363096688277504
3457,0.995009885178385,0.8251661727621076,0.7962787268948919,0.610822396039161,0.6148850859496127,0.5625441977910094,0.7071785338649013,0.4233495360604924,0.5686054512641231,0.17485537097391068
3468,0.9467723402226057,0.72157682135677,0.8181973902109416,0.35123543763260345,0.7393711040047072,0.16123520555955906,0.39192457895636856,0.17901009075209273,0.3810756352839392,0.014383066940061195
3534,0.8946275441744533,0.6904199006413758,0.914126509959642,0.4756252887588258,0.6486561294570988,0.2791282778942268,0.6275209748309498,0.3876770455868561,0.44048623583810464,0.19829480630659757
3868,0.9337767652829098,0.7002664155437283,0.6869830433908912,0.24422181172317514,0.5422776649158944,0.22928773632070865,0.24200527935191152,0.026982928232256898,0.07116450041252675,0.04561562436735378
3567,0.7825228365366919,0.7503581714848595,0.8180311262637442,0.4324288803797297,0.4771766949883516,0.3125944647523752,0.3996729661255688,0.005476581653308554,0.3892438916572405,0.16513154519359008
3604,0.8549720067570238,0.8009068862422271,0.692525292096496,0.21202632429058765,0.2809566512350802,0.1985724390237813,0.5324595333043959,0.057617633765797205,0.17718901660015318,0.0027791358441233704
3449,0.74904235087696,0.6907157893317114,0.7794971335587833,0.35604631121719144,0.6990534015505624,0.2650361930727261,0.5714413054375719,0.09862677493230243,0.5341241063803543,0.18362981219220142
3668,0.8083330897006056,0.7944496207081475,0.7600185869119155,0.4149200959848144,0.7243212329776888,0.34477182771151305,0.674567252943314,0.3665851611164578,0.6703992985676428,0.0889612622816236
3466,0.850616608336364,0.8171758139087708,0.9667903076286046,0.3971633136243812,0.7201726040701628,0.19615509302266643,0.6215881568664113,0.003005613133808649,0.4836634878217525,0.07693451243647176
3474,0.9192095591210112,0.91672948161246,0.7615089288394794,0.22991135054925593,0.29201120247990986,0.14657555896322338,0.3642447720045653,0.1883833264040976,0.26582514790422784,0.06308677551932806
3945,0.9250641872632448,0.8208949316084081,0.9259349646570573,0.53941409434319,0.575122640639566,0.15652966157040915,0.7278900206149609,0.11628050030294801,0.3652105996028696,0.03432002575246562
3438,0.8804790568905109,0.8582082757605942,0.7795205007893476,0.49837283081101713,0.7394341428099664,0.36001971257608123,0.699972996038111,0.08307419115975245,0.2695349936741088,0.23675069351210243
3716,0.9042694924947839,0.734139740302251,0.8226033819274678,0.7336271133668778,0.7372783294951775,0.22930922661725328,0.7045339589409556,0.4766955003641816,0.5602638261607338,0.18051104294246656
3711,0.9226772245576632,0.8970473026601936,0.9947681680887149,0.6294996997510449,0.691662900880997,0.39791064044271884,0.44264442060874587,0.1720452302755261,0.25236199899231326,0.16706678206231262
3794,0.7380848913686386,0.6371775673948239,0.8395709148989481,0.31244164850675427,0.5168009465777262,0.24197133239929425,0.42589688181574414,0.10561598115818027,0.39687769429571385,0.15726776851784918
3730,0.879647210269423,0.6287884481808356,0.9499715091893516,0.39070993452643565,0.7726882245947406,0.26489646351068963,0.5482294940186182,0.3790897305764539,0.5269597285824088,0.228789070487199
3514,0.8779509480340466,0.5977244559566782,0.5566965053546143,0.3492264723853754,0.4085997625524952,0.06282542346940012,0.3278821356410774,0.019040752409078765,0.2990317885566376,0.05394784870086666
3947,0.8742210299373295,0.7326414766577868,0.9692677555761969,0.14010106412541845,0.23732708384828016,0.1361549483600928,0.4322728637748866,0.08339028114306857,0.08505436923823784,0.0419080470627865
3739,0.9797183302204553,0.7540801572765726,0.8428335265348715,0.5923881254703754,0.6966829740418561,0.5260494121637909,0.5378130427288194,0.20092081699905817,0.41689441144404393,0.18584271708246436
3657,0.6993107028202193,0.6910496279053955,0.9278079960516921,0.22253427045929597,0.6783537323036318,0.21732112004762272,0.6319873826112383,0.16212586799509243,0.17496377220917547,0.028205932833589076
3557,0.8893317425303253,0.7001210939471987,0.6661761663329064,0.24803093834847967,0.4947674801309706,0.14379330422803538,0.5241056077871391,0.16002745756048842,0.2032346237499888,0.002006296124542728
3642,0.6488633503793179,0.6333170674233304,0.7812579167305165,0.33286668645962614,0.5394325523008208,0.25544181601658167,0.542263815086542,0.2035079154618611,0.4228658197276389,0.08892277817729877
3785,0.9927101951719937,0.9779308840400539,0.7389809417899038,0.6211640325884362,0.6453436436579877,0.5275240458768106,0.6243813197929061,0.37919435938282187,0.5221563259982503,0.285912137086218
3766,0.9701344824253547,0.8449240614582934,0.8661852396554653,0.601087020455726,0.6102101717886697,0.5427204509081645,0.7404977716248873,0.18300461341001162,0.19730143658490162,0.01627389412719249
3918,0.8910639003494799,0.7849740832486597,0.8406996698136018,0.3031996321068281,0.6680479752308613,0.09873836132700253,0.6272771866357685,0.10620929434805548,0.47750412257015507,0.06237851573280262
3892,0.7924607212610135,0.788186710630589,0.8706750535788131,0.5682109975044723,0.6711286516639268,0.4340642491875977,0.6965904236196505,0.04908435139548484,0.6052522765942425,0.09822533457884897
3635,0.8411600751875105,0.7914321464098684,0.9810752728567358,0.6464283587111835,0.7713313095349291,0.62004083209905,0.7388661896750218,0.3487908141021291,0.516260118356821,0.2825632527396693
3692,0.8641859288154202,0.833305963448592,0.9752990958489582,0.41333870935195993,0.5734706820759923,0.3739484842527514,0.7223853794498731,0.06700562166430357,0.07944805028832946,0.004369449861639674
3553,0.8895437948985568,0.5041377131437687,0.9699552486344988,0.26243592297411045,0.638913001887476,0.11455005935767015,0.47699263948036397,0.018028757962333164,0.40988162258734095,0.06037895953471206
3831,0.5527913565308166,0.49551162586512354,0.9977529370738776,0.3735686777817363,0.5016021245696176,0.3322828037711225,0.3846905274865574,0.150621939358344,0.33435375930442013,0.11241232671034118
3884,0.981033397065356,0.6301093594061056,0.8761940083199428,0.48787069901478175,0.6602530382179754,0.42586614015353164,0.5113720380647153,0.28620662556265875,0.4515010595705292,0.353840960791582
3971,0.6234291992928416,0.4706482770358419,0.6484886854615878,0.344320974296933,0.536355543461807,0.10997729400295742,0.3989347381292009,0.00010211864620512934,0.3522695142715804,0.04794760144928922
3563,0.8771375664315122,0.8248118498471202,0.837762996907841,0.3589001518105813,0.4428697048308984,0.15012139005053948,0.7236810361872221,0.18425265401721214,0.21296313716052573,0.14266511058732
3656,0.7467840389072131,0.622800341735846,0.8513284579946627,0.471145248970684,0.7145632961662107,0.26408985738727075,0.47820709197225975,0.36500139864627434,0.4379748966973722,0.18641678384944027
3896,0.9507382543045125,0.8332186982140825,0.8855861291591657,0.6384786542770279,0.8564407886586561,0.5186598699055028,0.8252300675360659,0.6211870828981655,0.7846352370495403,0.1588282320408706
3693,0.7850801801378207,0.7218346199076265,0.7720847561282229,0.5236467784643942,0.7620012189553661,0.4483096878891575,0.5058109112638021,0.07206218419042743,0.2046823498784074,0.17215195039505626
3912,0.899678279931177,0.8380201326263081,0.9573691293460241,0.5308270402274681,0.8213965928449249,0.461999716127802,0.6473561036180142,0.42589414048343843,0.5870809511806396,0.004765060601513715
3667,0.8910413082255491,0.8571411356253499,0.8583208741692321,0.690585323051012,0.72041199831652,0.4823811586309795,0.5244367260464806,0.14316782571787712,0.5242776456764492,0.2652085610302083
3728,0.6607416636365013,0.46891402922707637,0.9877945286844163,0.37852124790418096,0.5144188838545118,0.25670291848479276,0.42468550660924964,0.11108927113764688,0.13855794363802976,0.09728253178359181
3508,0.7763031300293202,0.6750327525187284,0.9820293212793842,0.5457213729127808,0.7738416475340514,0.5419202495084364,0.6296909830411972,0.317439888638683,0.6253340042226727,0.0157701770669616
3669,0.5907891698604211,0.3913620630146827,0.9527708743289268,0.28261285765628585,0.34766276628112114,0.024865062754058753,0.2426318402499419,0.14671499180940573,0.2114606609492199,0.017265400892366944
3502,0.8908363618794988,0.8039734559619377,0.9572400921773843,0.4392114046275456,0.5946531629704483,0.41637878544047446,0.6499490137280277,0.05684387502363475,0.3763186095705039,0.19848580104122915
3874,0.9233863497273055,0.859378757986578,0.9099204183286288,0.542522138072738,0.7263623883171344,0.4062735582773074,0.5935744803934778,0.049120061884463384,0.4765590369870638,0.1430360517443603
3501,0.9993416914008464,0.9692906439726556,0.976407445346577,0.5882324910012732,0.6227671112723454,0.4171584978179923,0.9404139186943526,0.47073525233820823,0.47900016028940184,0.07020783561067145
3832,0.9596852072951823,0.7901367324402438,0.8293662458707486,0.3308570362359333,0.6167950404380235,0.25451657295653507,0.6914661817154304,0.3041339011748121,0.3714928376846325,0.22896071624728875
3458,0.876303732024695,0.4579854464439007,0.976499053951374,0.2703957517607314,0.5025647367531056,0.22132544990210656,0.3475674162404644,0.12622488973662527,0.143102479646251,0.05556627964123806
3803,0.9327053575052362,0.8638480843946382,0.8518871563620359,0.620364118574092,0.6835171951724164,0.3919409753565597,0.77616728894262,0.14435265492268368,0.24464493377670482,0.12593210952141276
3690,0.9332246395439509,0.7658904669588515,0.8973271655312188,0.6689599679137863,0.8696710560869173,0.5348732586615861,0.6587021659053673,0.026445393761499236,0.35456758809628575,0.15208830991794287
3967,0.954033642259188,0.8335694500363642,0.7368350597241784,0.2891216831548251,0.43228158140812656,0.13923124820451271,0.374400204359179,0.01665436452875446,0.14177812844466842,0.09504773335696881
3587,0.9985889646616236,0.9768260035663284,0.7828893701370949,0.5938720746235185,0.746825888096624,0.32851988009663946,0.3519462480188039,0.09238117351728081,0.3118943485446565,0.002915530507915709
3938,0.9058615891088492,0.6414501327708325,0.9880614031688767,0.4530362264411114,0.8311845521177843,0.32989478782410164,0.40708568179979154,0.20386042918785152,0.23229467960724925,0.1963015295338092
3943,0.7730112037307677,0.6999659234016488,0.8690685158377698,0.6619404491822414,0.6822861198018592,0.4215529227775421,0.4285236378870224,0.21922451105823715,0.25040001933423317,0.011911701210114312
3509,0.9678838745116317,0.8669638304587931,0.9660887689197898,0.5741840350645968,0.8775078050332605,0.2184168951662503,0.5004172131965,0.21048199090983954,0.2193209371639473,0.016064820431668236
3948,0.9674219578638833,0.7210044341321391,0.9572254352989277,0.6167632746653207,0.8280282090980408,0.2731009893581481,0.4036760284092319,0.1419699565128244,0.299427266074462,0.23718647989525343
3821,0.8309548553696092,0.8104914022699191,0.8000790338732899,0.45896676948163706,0.784128208115441,0.3663602501838844,0.7037848794922471,0.05515178993615533,0.5559505170166983,0.3065538984224847
3671,0.8568077736534612,0.5932280183741813,0.9441000329958197,0.1700543384607055,0.2375222585157295,0.14384982619622977,0.4476945723353547,0.08363711861989187,0.17013235793342008,0.03850487921753831
3810,0.8240816762028302,0.5621438880370102,0.8393775865745232,0.33299561181060877,0.47516206519699744,0.2167779521820078,0.5173919554488855,0.2408233505370052,0.4441783399550536,0.209303549809574
3516,0.6714726440641414,0.44307573792623145,0.3933985636291385,0.2337851463925955,0.3242240024008456,0.19156034081580564,0.37294309974397366,0.02734580560832156,0.10272117589581276,0.05358964605338956
3639,0.8684608451223098,0.811344234506202,0.9222888804746062,0.4452283284039805,0.6305143051474803,0.1604360386859559,0.6832774729136836,0.2821470111358416,0.43648455944137887,0.1430720686625342
3593,0.8481678922011678,0.8437793097038991,0.7902183121005526,0.22042405437741297,0.6103337799182592,0.03314771060150312,0.3676694395828879,0.10678281219314378,0.11765115272431037,0.026314909064128922
3767,0.9248768720384852,0.8490297689676176,0.8254351707731837,0.6524476713870715,0.7174687475288362,0.28249490154981216,0.5425463605702021,0.3995559355390491,0.4863751252154386,0.09237414069985128
3470,0.7574290085234566,0.7031979677060757,0.9120247150943085,0.6134320176259005,0.6940197218343572,0.5071266833565503,0.654061809748128,0.033973741130517765,0.502156052567769,0.19370622826172423
3499,0.8728236256151323,0.8163728259992655,0.9206173816546015,0.7661607700001825,0.7830449345117346,0.749382990155876,0.8022938019675498,0.14615225348851302,0.6744820477458764,0.5105558798719683
3883,0.7719643386432131,0.6770314638744243,0.7736614782319186,0.2590843508881393,0.39278097551029667,0.2457655992184845,0.5718689068969283,0.03429845652914165,0.23031107355870528,0.11827883450136412
3858,0.8816710245648846,0.6850507793566188,0.7287087636777737,0.5575751583817696,0.5823074176909313,0.23886831543986597,0.5465895206260698,0.28768126957974793,0.4853805245529019,0.007521274186605309
3841,0.922173663200909,0.8757659079465319,0.838232912220203,0.6058554336322277,0.8138454080164337,0.3753920454719478,0.618475246534529,0.3273539061373212,0.3410963479541693,0.1391001281013443
3737,0.9767543823510657,0.8538318049385889,0.8578254973427716,0.3396527200401115,0.5055289628816154,0.11555829854063016,0.19688774948038312,0.005292956537363058,0.13702833548725002,0.11528215534631892
3602,0.9289259372989062,0.8881378954161339,0.6423115575274524,0.49164609297737183,0.5216184380783654,0.3236460996208279,0.5125995423250955,0.007830287942366176,0.48725344792304914,0.2616545632974959
3837,0.7887023146300085,0.569190797542442,0.9207462632686718,0.3311941249983519,0.7826893300845564,0.10872354010566287,0.5201641584027479,0.07257662916112906,0.17712856224020956,0.005479963824825851
3975,0.918129355151644,0.7494269462024438,0.7808004323887252,0.49853839491372176,0.544430425521322,0.19447559690497207,0.5982682643844215,0.2184504227523656,0.2778749507633539,0.1860102147874948
3878,0.7765767172758027,0.7725312401600942,0.5651973291282123,0.44444951272493716,0.5598752188771738,0.1023877658381388,0.5540030435647189,0.2911010713310218,0.31322571718146885,0.029362986288043458
3929,0.9876526698397813,0.9658855018002701,0.8714711407252866,0.5551060745237274,0.7260340515558261,0.4515528282969892,0.8005358332460938,0.4991129198835351,0.7086943092529814,0.4167128948026304
3533,0.9052902102684557,0.8136989581612256,0.9186180636603429,0.6007299649814329,0.6729815957898678,0.5645144311229736,0.7557160041158534,0.26904052751391816,0.45586484760546075,0.11481867483292607
3786,0.842849008329029,0.8317357986542269,0.8795312916467876,0.31897381787700063,0.6944045430688416,0.10870033979545368,0.7625273168479965,0.24037960097234545,0.637131664943664,0.10773809328942541
3900,0.5147279555086938,0.41063865077424977,0.4464888806633288,0.34588894168754725,0.3851169782780969,0.2783152361604899,0.33640277548762954,0.2662038044482161,0.2670752989594334,0.2143283855366367
3920,0.8019927661331869,0.4588547928768041,0.8613053821314235,0.32044123707797934,0.6336755501319546,0.1843674731369972,0.4165665636407776,0.09096553444234079,0.32408654001813386,0.01627413064475247
3641,0.8793244171658716,0.6697574064551651,0.6672068119196057,0.42127638517750776,0.5054265242762231,0.1642763150206844,0.504817273095836,0.09922684563235284,0.24755282728526762,0.009173900947550773
3790,0.9914999477251353,0.9011499943053376,0.7654941366926141,0.6667605614485649,0.7369888007062553,0.1774593289962192,0.6552585202033182,0.10584182220155625,0.486231603768008,0.1096962445893932
3488,0.7733818872039369,0.5630254376100355,0.6929271501226598,0.40362464380439556,0.662508371983397,0.34064844785847337,0.5179830307941293,0.18113952515013232,0.505336107546937,0.17763290116697117
3573,0.9927774894435332,0.6642260144974192,0.987144754278558,0.485868661541051,0.8756021002762587,0.2724526350835278,0.5456017850974992,0.17893188630682633,0.45826871128499935,0.23874027362707906
3522,0.9437325524964641,0.9306770947504768,0.984753020685275,0.77789523870589,0.9307750889178895,0.6469285702962374,0.6526833193670168,0.3647454821928485,0.6182361541859068,0.3261825443955221
3877,0.7443643551877999,0.5018146200151636,0.7319574299938654,0.35060474285868903,0.6052104440222994,0.24854548020789524,0.3874789415855846,0.01631074293290724,0.30215433744365316,0.24597837545387402
3644,0.9988495321137796,0.7566743531617663,0.8134695733088272,0.5659284792063196,0.6550800584517338,0.4943392887655744,0.7495598564482329,0.00438454761706808,0.3431572918064981,0.2447488878042381
3698,0.9860601197214865,0.7673529047565824,0.9536581460579843,0.53835182774815,0.7522617399582099,0.3700608144083515,0.6219130471394461,0.10086298105482383,0.23025781274319634,0.19374996982902282
3829,0.8274242951579824,0.657495312194962,0.8037176308932259,0.4483337705927518,0.6852010070175886,0.3664764727665879,0.5883092410238387,0.0691966248467375,0.3414340029900995,0.1443465060206549
3544,0.9462061330327575,0.8053391063192626,0.8964176251090327,0.3024627711394571,0.5615733287194177,0.20463917529707232,0.4478180513385126,0.29268209391493594,0.390021667938225,0.016025748061446854
3450,0.8670703845645055,0.7058167484994212,0.5114806766194998,0.29991583206326156,0.44185675119130463,0.20604214106381746,0.4450723418204565,0.11425745236650431,0.3425657626185391,0.044760820271583124
3828,0.9435962985085252,0.5986975804478442,0.664336062747109,0.38624513454789433,0.5169543911222555,0.36512097346820194,0.584713746724399,0.27352536260073335,0.4540252067756094,0.06868077183745458
3605,0.9107216532868484,0.7632837323174055,0.9960543876632875,0.4264454539553203,0.8790211948652168,0.23183234899363636,0.6288120100609479,0.33430525971664904,0.5019587655610078,0.06221519344000104
3791,0.9742028591828655,0.7074999223604583,0.6574659515346076,0.4062753524215328,0.4396223664170936,0.36823362038794716,0.6073661106175529,0.3343040962945566,0.4158209193664276,0.29747494525331
3592,0.9491902714631099,0.9470349101288805,0.6573321877488523,0.5100219496021691,0.5334335409726655,0.23507503062782065,0.34261969140738224,0.17392743548889011,0.2464339021608981,0.0564861463260089
3490,0.9837874766380891,0.9460536785677557,0.5980509233200928,0.26683811578055505,0.36511155039126686,0.17212640592120587,0.256151672128327,0.04987746834055473,0.18596715681185327,0.11074918222108876
3546,0.8387474204145439,0.6885775121760738,0.7198253512017131,0.4777001700451081,0.715950536731886,0.2233701337032078,0.6252559649511044,0.02831715767636067,0.5898688896465213,0.06607350555226432
3569,0.9210323682741584,0.8799948866160193,0.9711065079379614,0.3996977751622969,0.8714232385670081,0.3223887094651252,0.8794306425625608,0.02806232291669397,0.28002456641296747,0.245239378339836
3442,0.9703081377460532,0.6469359700109918,0.9147336830870632,0.5934444978157235,0.7888659017796702,0.5735190957157166,0.5824134912971146,0.4884480059524219,0.5228128184685711,0.2506118897010574
3515,0.9562290522355361,0.9060360289813301,0.9860924604123052,0.5627028414972912,0.6496301130647226,0.45231806397299334,0.7897080508779151,0.11240065519261067,0.14127608140749692,0.09505009484346216
3861,0.9552198821308601,0.594829652950853,0.8916171655697925,0.299777831271396,0.8480439325288833,0.13686931828641735,0.3631676252071089,0.28448709588833954,0.3469280322472965,0.0014827383508997372
3954,0.6813646367562394,0.5231573109746859,0.6767194653824908,0.25472561078417366,0.3417756738647981,0.18729735356672073,0.44646806739582423,0.07649550346719369,0.1717872361683057,0.15559526190006923
3552,0.9475619234806731,0.9428016161350676,0.9682086165106769,0.6383680180888931,0.6604944404827664,0.5768145594855233,0.7736307623115232,0.2663888920523152,0.6388363228227616,0.08452167552134215
3882,0.9448619459200557,0.9239205498537345,0.8795025083121658,0.43078576532187907,0.5147239906661836,0.3984568318026547,0.616638590597611,0.03941725299186061,0.30489053268823696,0.057407557020552336
3712,0.8877472010941856,0.7426034055769153,0.5693442405002599,0.24908485418465476,0.37540662118954593,0.23999403208803216,0.5444314509933813,0.11715447922971645,0.20330410044432257,0.03480530321963837
3893,0.9040329104242842,0.803453866357517,0.9880368491030994,0.33547580330458804,0.8561357032809326,0.061146446652252884,0.7885598031741141,0.1309327498279742,0.27240452149311445,0.033163401555637795
3643,0.9862113933799485,0.97169757302062,0.8899857465931758,0.8122090934272893,0.8680804336742514,0.641337076804503,0.7267945823075446,0.3998310362799957,0.4630612012590851,0.1936085081940946
3455,0.9930950029395308,0.8434658930617579,0.9431724537285954,0.5853546613930763,0.9425334585157625,0.5730028909980087,0.7537245920954881,0.14524196295928515,0.6256579028077682,0.20496386244281695
3916,0.8047372351292184,0.6635604903592058,0.7811321120653822,0.49637938132569925,0.6327569126021801,0.48212077021131994,0.5203009396949606,0.17090360838032648,0.39194774007558975,0.3783318582800119
3891,0.9207629134012221,0.8889954785568428,0.8866039728436975,0.651164266710161,0.7984670169789938,0.39314837294400573,0.6141156122325784,0.16296358518115728,0.2486379909442189,0.09797334809827485
3630,0.6780606580580344,0.500373641467458,0.7536811803644884,0.3012098595013728,0.6743834119550794,0.26064625967326016,0.49156458957351834,0.19437500572196853,0.31068702282783023,0.196035077117781
3768,0.7889604045654142,0.735128653494371,0.8050813349891472,0.662997628125881,0.6635930456229793,0.12981020553334843,0.4842486953472317,0.44922984332163285,0.46463775127498275,0.06389499528193521
3646,0.9204572007192106,0.8283188648806504,0.9554898561933785,0.6900518988466228,0.7558141497875416,0.3558100843407924,0.8268726490875538,0.37127323616013364,0.7460621563366944,0.32863826158120957
3715,0.9320739282312486,0.8877535854721103,0.7000961529322706,0.4012533166387441,0.5061925696762816,0.16942210681627368,0.3702605158601324,0.196732057230795,0.23374576504510058,0.10448521347848716
3624,0.9547524458269864,0.7541544336632455,0.9347929039623533,0.37439931812337013,0.5213723884267207,0.35829795255778474,0.6146116102754976,0.06915405119900153,0.40109340116879577,0.29411870104422677
3745,0.9503481373972354,0.8128037974432774,0.7352601494120076,0.5917897116764114,0.7049929837170641,0.39303317580646424,0.6482535428505937,0.18298881368670006,0.22617608055954297,0.13395391405952617
3949,0.9871817473025114,0.9557881244243374,0.9455566789478598,0.7507517264550165,0.810104111254505,0.3213971416336885,0.7942768978882716,0.6459525433660144,0.752794610679918,0.18157243645236543
3456,0.9057414191766909,0.7722845400347224,0.6195466717663102,0.33535371013580284,0.5238476953595796,0.030227909128113017,0.4035409475947035,0.022253804342018735,0.3685350116184154,0.002769403976245255
3823,0.965803563941916,0.6094141449686383,0.6611750618367167,0.5590902204661004,0.6410886351552031,0.4639795810086116,0.5948371536945658,0.3163165688668529,0.5838466281487692,0.3590034866989825
3617,0.7263814977531511,0.7071595753242063,0.8647228509352577,0.6702053651297017,0.7130996092418628,0.17496104619668806,0.48648201349207243,0.272400528223684,0.42315991080760096,0.12897157427434192
3805,0.9716270510899311,0.566628605593141,0.8806265829981064,0.44811167663299534,0.7844668832674432,0.32064182252887885,0.4295883369526162,0.26788017213605264,0.33734375962544283,0.17646372176721326
3857,0.8818968861281141,0.8381685753649368,0.9195785425597779,0.721578663935917,0.7792699834007493,0.5286708321112026,0.6290488987003915,0.07116966997537177,0.5143785175741811,0.005540664408779206
3736,0.8379735414864032,0.7583410374926771,0.7526102601032457,0.6064761480140072,0.7378292548651852,0.5815797782302721,0.7480048635692221,0.33973639641626485,0.4500914702707801,0.44778148496373227
3812,0.5940744331899922,0.5441615677434706,0.5461650602554612,0.2794091437692041,0.40628252572580115,0.10677222049131474,0.5180126384360412,0.2209722737888693,0.37379378548430076,0.07205625379171055
3907,0.8269550407743191,0.7978664655227415,0.6045062541619207,0.4967629022535631,0.5627289448160387,0.2523733041028209,0.5815111467474944,0.04010670106144265,0.44686464045351626,0.04942007646071889
3561,0.7355615284706787,0.6511494534049598,0.7195820046347073,0.32119973360888365,0.6626442908726174,0.015525602270294092,0.5809869884507429,0.24953041278828614,0.4670888933967826,0.007972240953498355
3752,0.8185270631196974,0.5645458962756911,0.718189231371239,0.3578513122002732,0.5210397402185266,0.24818110675055038,0.46368116483234145,0.18511438983349504,0.40534129173943545,0.22845725452684018
3663,0.9283248557234655,0.8763259730212762,0.9933888078812705,0.5602844908117914,0.741579993401627,0.47329722500798144,0.5579304721160457,0.15429271549048695,0.29514375602872733,0.29241138805027644
3731,0.949892682805976,0.7353949957208966,0.9334354166053493,0.4867414516013715,0.8531955804820589,0.0749249152925332,0.6575585852881672,0.22560924906492208,0.5468169256810593,0.008450731267521272
3473,0.8177978919072526,0.77998895397751,0.7594436680661631,0.4194489107894209,0.6986480031338367,0.4139601848175085,0.7450840283760396,0.0004029842420177898,0.6900962198399513,0.2894131285733855
3485,0.7672590063501893,0.7318434880582838,0.97761763679566,0.320241978204849,0.39676433647340137,0.2620638347888492,0.6292222647427425,0.2141389542056985,0.3734852656388927,0.2509313889251371
3801,0.8447048550175611,0.7984282484344795,0.9393412626376532,0.555475899140693,0.8104187732847224,0.10524746573796995,0.6977544972997471,0.28282226723149395,0.6583631541648224,0.02934624414625331
3885,0.7763214976109866,0.28646234510901547,0.6330856886406746,0.24427360169044243,0.5450531210971544,0.14331590050526288,0.2681141986384986,0.042882840624203,0.22279648249546058,0.04889963534452302
3679,0.7481442107266464,0.7140095732528656,0.6169096092779663,0.5367551052490648,0.5382009970809711,0.39525767540097234,0.5687792908672129,0.04903066221621355,0.3747660147604229,0.2691934237702934
3894,0.763675983717692,0.5535045079064238,0.826755715193541,0.4765542337812255,0.7442257538392457,0.2870391196947708,0.5030638118989101,0.17261457948668057,0.4837846282443592,0.11089580703622037
3518,0.7584171869599764,0.5605859973373585,0.4284540320245993,0.23297914988186952,0.24224112635397188,0.2170877781031756,0.3229490610137825,0.06793303249204796,0.1982772591014692,0.16626928407437624
3687,0.5671099880246008,0.5466344667787056,0.6772203909701698,0.36254614611631175,0.44476275997405723,0.12815116576276397,0.4665291657513587,0.274762473331964,0.4364830847479315,0.05076285534985925
3852,0.9089282241857272,0.747700595343303,0.8324242297214849,0.517093635875435,0.7190677177608087,0.5146390988926135,0.5813077569899924,0.11363360915883636,0.37127925209287593,0.11076378615752303
3680,0.64007272266503,0.5856136535660985,0.9798994634687589,0.28736016488762905,0.41699495084673854,0.11268029495466203,0.5048316643774248,0.02211678657188898,0.2756087845793449,0.021378581627912063
3789,0.9205824828223027,0.7819155831768643,0.7960380565561695,0.5244205658079999,0.6578069226893382,0.1594678287989042,0.4407049121500588,0.02258561653208213,0.1318509923784873,0.09886994305998908
3927,0.9452127793183807,0.7714207410852456,0.7053817398860245,0.492688789111726,0.6662922717483893,0.1908042874594219,0.5144651665529362,0.06678586024005806,0.2909204937881237,0.11255967637918052
3622,0.891919154839297,0.8441073628688927,0.9099674019326349,0.7344763275511517,0.8466750611289819,0.22132509319323845,0.6684455730009312,0.5027299463635387,0.6298232160792986,0.192198631641616
3684,0.987571458886749,0.6611410303550651,0.9474206163773827,0.29473555126513107,0.8545631168418446,0.11030202361465946,0.4181260965489908,0.010527585791076377,0.32053778182393133,0.0907432018444595
3603,0.8350612854414623,0.8106795801203481,0.7621504921369513,0.49657957336548975,0.516273254314153,0.2231603093447918,0.46023412560676513,0.053637838962140805,0.2904212453675128,0.11114116663023932
3621,0.6471218698032579,0.6191920644796995,0.5979376899448653,0.30544726854324034,0.49142651221818145,0.21302256189204472,0.43519903148803896,0.29452297967853214,0.3597669132401612,0.10183725080708272
3855,0.903731855386851,0.8178297162185094,0.9437399548420377,0.49841843473090497,0.6938155513027755,0.22761079366846204,0.7774146128087009,0.2817890002509008,0.35727603375105055,0.1730403556724176
3976,0.9779571043660894,0.7792328402621713,0.9957688870965969,0.7271249193246029,0.9776350568378142,0.18155904734295236,0.47707543033808286,0.2844370311007698,0.36000929442780094,0.01872640504630163
3815,0.8703872694082279,0.48770006872954375,0.8939574745887104,0.3417680875957092,0.7160351422577069,0.1964754641978208,0.34366396068753025,0.07055017971629873,0.31837493752822843,0.14251513121281367
3504,0.6259039551265395,0.3551928724383271,0.605706263154408,0.20014912410397678,0.5790742802550736,0.19842000287059258,0.34530221836896635,0.03253367944158547,0.27307468687360814,0.10213750813589384
3487,0.8923338072069924,0.46340096656399377,0.9933594710744472,0.3884568603543468,0.8204083616141296,0.3410989671202693,0.44994018444748063,0.25454705635534003,0.41582268838189285,0.26087848472776065
3554,0.8793252242983697,0.7020059162627175,0.8786307799926308,0.447481094585674,0.7413674610079174,0.44596600165563016,0.6998789820869451,0.19067887510932868,0.5986902532152488,0.36619543786040054
3555,0.7454957808410148,0.7346463087103626,0.6043832213283983,0.33849383796298105,0.6020707450894199,0.320785218844989,0.5643775248938264,0.0786048738612598,0.13426037286073733,0.12149886930850606
3956,0.8262374099705803,0.6914373311414422,0.8004473361192794,0.588152004491307,0.7905385628234196,0.39093111729480845,0.6168370676423347,0.41383447964895825,0.5910885255289215,0.295130085259251
3521,0.9946847703738718,0.9940007966877745,0.9167141454275323,0.4122401920155573,0.5468808999141626,0.35394492999686655,0.7369471346350838,0.36640903026502836,0.4489092581670896,0.25949890954621035
3870,0.907339127133683,0.7680379524573747,0.7829568343179887,0.6275278821631638,0.647523836594523,0.4446532748409079,0.7559974791802365,0.31396364500389917,0.48824337300167175,0.14962506164472322
3660,0.9532885939687639,0.7164655370939184,0.851783196179786,0.5120935375475776,0.6358868491266629,0.16910370815132203,0.4602258229727805,0.2924469311499712,0.4590795424562958,0.038611538579157
3586,0.8427751796988953,0.6339247607831432,0.9200638601998405,0.5272446729533413,0.7202985571620996,0.09860160837154541,0.4862016717810027,0.0005866588714000809,0.3232183135383728,0.010059654991807943
3578,0.8909514435582299,0.8890760886995375,0.76814847240081,0.45634095209930836,0.46642690533904574,0.13670087296095546,0.42147999235220535,0.1002280891980728,0.17507975557245514,0.11806218637434673
3888,0.9605723373175681,0.6139468431857691,0.9687672121245927,0.4344127955193372,0.9161830683024423,0.3593380685389912,0.48172630402487004,0.26189871651483343,0.42373494103418474,0.28577005413232504
3574,0.9992369122063081,0.7928033777446503,0.7912408367804683,0.5536654036608059,0.7215747948882902,0.309986371723061,0.6261856143105732,0.12049996758501424,0.44989661687394245,0.2856907770197281
3778,0.9134439958082473,0.8655499370857015,0.7610492460480843,0.2655813606507036,0.4625769522407096,0.08460837080512207,0.44739599212232095,0.12231758341204779,0.3769029502896838,0.04999422669156317
3497,0.8619110702755783,0.7523811308969611,0.9741474845148471,0.3979125636429486,0.5409497678096996,0.18116344551067554,0.654575309569603,0.3100069878155166,0.5354193035784878,0.13475236578010485
3761,0.8738189939688294,0.8248410628422679,0.9895117991431294,0.5927622869794174,0.6353234555805689,0.41992505755817555,0.7413722247587454,0.46957354115701755,0.5471185257000478,0.12733621444809018
3763,0.5487861216093683,0.5427205161323844,0.6133331403037271,0.4193575944032607,0.4762620715762498,0.25355012554354517,0.5113488339456357,0.3049215035064732,0.43647313383702246,0.12219070331791015
3933,0.7126283474460617,0.48817227767379345,0.7918656464457932,0.38116447184375035,0.5583400113477,0.21503519804965132,0.4695931808716457,0.17219359394528666,0.36793529378776446,0.04390596004976255
3757,0.9706147497093561,0.9069771864282282,0.9134318060780705,0.46956682684896156,0.6419327461410499,0.3629183965427507,0.7584232629735833,0.004132466196669071,0.3693401307309231,0.23988442082314188
3906,0.954108338368766,0.8221828412590587,0.9444828791805547,0.8165075999602736,0.8388108532376051,0.3868999521940919,0.6384124388385409,0.2126887968326553,0.47206489504105065,0.3707463255155251
3583,0.7814127358702321,0.5407698319572019,0.7576698499875489,0.2148760078156552,0.30306467479744226,0.12973035665523414,0.5040112262604233,0.10670789260923041,0.30046116157685976,0.10946223037167768
3613,0.9526278053015683,0.8288228254816087,0.9227564848394,0.637829453470155,0.6677709181228414,0.2599126985399701,0.8279886835935747,0.038480801072167226,0.4209939653752781,0.25571202462595266
3525,0.9642219947758118,0.5404566304600427,0.5289620476411933,0.2719830543901899,0.2987254831264411,0.19443935161008785,0.22402569512106885,0.13111566314598433,0.1675358495956264,0.10859483428642902
3530,0.8185963237112162,0.8019386103015351,0.9441103930001238,0.24215233417333315,0.32901100580907716,0.1893151745214957,0.5580302289392463,0.09111493398066983,0.2511109596426838,0.0006400702451178075
3551,0.8241206532487544,0.5538979093615618,0.9161908088408578,0.4457554930472917,0.7108760052232875,0.188120114943078,0.48521550148313275,0.07661218827401217,0.43922672112839334,0.1342262666579237
3960,0.904684479543913,0.8023510597278611,0.9924453828235366,0.633532755334256,0.7679513683725209,0.2012434961749202,0.5923340684524337,0.10786488582265419,0.49990935850000684,0.010619122298519579
3600,0.9203341125222511,0.46087679641259593,0.9694133798743443,0.1770765315497318,0.6815741196859308,0.15787455468407718,0.40787204598931404,0.025855622120717348,0.26777101637122713,0.12861141682308486
3595,0.9630942915161559,0.6965291294350173,0.8878470304335053,0.5275199083864509,0.8208889142417995,0.21316560385479455,0.41648373990423326,0.010435744964183646,0.08557108292244664,0.06594740199778626
3614,0.6603013292510755,0.43191770914851246,0.9401269980714498,0.22102224742993026,0.48961498994817143,0.16505566574033748,0.39421912144317317,0.15361601857446627,0.28893220483057036,0.0053441640809694935
3649,0.8113677905455965,0.6124164388000067,0.7016388588535432,0.27882890111252434,0.47899784001672563,0.16063228372062954,0.5442243608066109,0.1935834358226397,0.3783454467147964,0.06784358271042545
3482,0.9634716044716186,0.9336921877044656,0.9714068014602186,0.6640216871403721,0.8701413621907212,0.4949576695822091,0.5827747996022575,0.36338862322914356,0.41182659642054154,0.24946590681352288
3807,0.8449230014343032,0.5506639725009858,0.9719602343598699,0.35042156886174247,0.6278911339878771,0.31724717466100194,0.43433413575597857,0.009665499232383579,0.3333519480243917,0.17399794170899274
3648,0.8779049353723312,0.8268293242417859,0.8415231724998378,0.6789577202074272,0.7528030131357608,0.47947669208919474,0.6349488021724408,0.31269003103874304,0.5444336685695456,0.46936472403605267
3862,0.5286720851368087,0.4303110519710931,0.6145303055989458,0.2405403997835065,0.4101775640651768,0.1894040853741703,0.29484401684113104,0.023433176838305148,0.16682812505578426,0.1467154891594924
3636,0.9187152539138268,0.7572997914918869,0.8594771170499516,0.611233949718195,0.6727517205638612,0.47011110184029237,0.5410776203656236,0.242908214788499,0.4617129752306406,0.3456548029626747
3779,0.9461660889603214,0.8983398403971612,0.965037121156044,0.5996580958696172,0.6819029695814037,0.24723518756765894,0.8098940811216928,0.3574140880487606,0.6393943322837253,0.22860705345787857
3659,0.910644935251705,0.8160462282499794,0.8944988737959635,0.3536326937274966,0.8782884328028122,0.283544084135828,0.5736633232591046,0.010249982261608115,0.4899525187541529,0.14340901907489823
3724,0.9033458844876708,0.7662508768536588,0.9548855404883769,0.5987834159724092,0.8974315196542626,0.35889969204588945,0.4894675153757764,0.3394142082066376,0.4879120425238175,0.30326722146718255
3914,0.9917261532912265,0.9123647708595165,0.9242705711461973,0.43400115534339234,0.5032230736481341,0.3602428263441039,0.9082537992410984,0.10731651695247779,0.17077888718374146,0.07888748142062907
3978,0.8098617080763472,0.5243500420275837,0.6321544775962565,0.31369465073073965,0.3223382991307723,0.18047919116026612,0.4894283723085311,0.2194804148378905,0.2627422346813817,0.16517567983013948
3708,0.7747782084937386,0.7621092186127146,0.8901773527335969,0.5130986591069991,0.5353832353728127,0.35124644558595475,0.5734720626089574,0.07041010508383172,0.31335598786789753,0.05498743245571269
3774,0.9516937714724596,0.8142668183147023,0.763624038402596,0.49122931571636685,0.5244574036850995,0.4684581869269755,0.7503994962396768,0.2769327638132596,0.28584370688230476,0.16237663375397726
3863,0.9692276298856025,0.7914319140654993,0.7776591836820643,0.5544534398597412,0.7456065982684701,0.09385785615978703,0.7346348185260503,0.02619742898766675,0.2875409633525645,0.031950448702145695
3923,0.9972328154095785,0.5413940413329422,0.9808652805172997,0.219247292683468,0.7947926354331593,0.0800444348969871,0.30329345805017316,0.10423716477888734,0.18472879775838524,0.06615363646526229
3787,0.9758710037268263,0.9403496009870633,0.971721674594854,0.5369075072319146,0.929012145520744,0.2097535671755668,0.7265542431377862,0.03479342542233854,0.6391671312799012,0.08789153447798126
3747,0.9825600427834471,0.6314394297073881,0.960135554158086,0.5099393664756516,0.7405551769660292,0.38871634646820064,0.4249684280283672,0.3521994061997198,0.3592437468379799,0.17525027648857217
3505,0.740942038522049,0.46394027780996205,0.48759532150868523,0.2972021436050003,0.43483222041447944,0.01741088467980223,0.19742067489424442,0.10021194105053866,0.10024438265180902,0.016699676202818536
3962,0.9262595254278183,0.6591313030290927,0.8146141148339389,0.5043326868639835,0.6046824791390568,0.23876814499278032,0.405664028462952,0.1487528240080741,0.3896043824438655,0.172446867203634
3921,0.9060214614191494,0.7991533639599395,0.7066653861913049,0.6479804993293581,0.6522270215521921,0.5225461141283065,0.5945767943910601,0.04936049152183597,0.21178340512560467,0.013202138010069753
3682,0.9571219446015202,0.9100114079066967,0.966175998418441,0.4628596025778209,0.47730164669661435,0.2102173029401987,0.8199248387709496,0.29563387397647023,0.36695940469325583,0.19979305020751414
3740,0.965887317375094,0.8916407686251642,0.9810168130038923,0.8092834379815976,0.9580726143197106,0.3797551108188306,0.7060268626724916,0.5142401142293221,0.6395642659235626,0.25289571135378885
3494,0.9123484197243138,0.8793051970743367,0.651082943059453,0.3865386424014988,0.4839886013655358,0.32368977689519407,0.4561347527434647,0.12137458115773136,0.2920996261944079,0.16185174928305235
3934,0.8552402364889994,0.6343152042761357,0.989404729940199,0.4824449093223999,0.8465835441235035,0.3913818128812465,0.45353601611098804,0.04938647408359487,0.34936679361422796,0.33500579770469696
3601,0.9345347119464802,0.7691614765800558,0.7970504204593639,0.4773476687244841,0.6401352489704691,0.45649686018822466,0.5391254577822637,0.13205368049130717,0.40032273938663865,0.05197349940854856
3535,0.8272024433835308,0.8081621833630729,0.9865800448941479,0.7625217106744607,0.8196788712232316,0.5042618780979943,0.6551909837518124,0.19922397794060553,0.27344311907494123,0.20039446838156738
3465,0.9341444192681536,0.9086832340943077,0.9646161825060257,0.46841218191173073,0.7445469168049272,0.42934369172159514,0.7826133777597214,0.44349909552616873,0.646328941222783,0.3293950269179512
3645,0.9166451347416366,0.7418323787811882,0.9358913719476536,0.6156642767024735,0.690011603899851,0.2995935243915365,0.5672922791218393,0.36869127915993116,0.42730330217122336,0.014409613415640177
3890,0.8473676966928039,0.7681970294347207,0.9383259110134277,0.1739611542649141,0.7316182749768424,0.055643594823302056,0.6308971766568275,0.06902434375338606,0.1275191312933368,0.021699314206974463
3776,0.9550819571769635,0.7822533504578109,0.7094813472559942,0.5452945313823349,0.6382870085125605,0.20382540293578644,0.6437261782544587,0.42132618678040035,0.5941640115684201,0.007067506529546352
3460,0.8964808364547846,0.5074930311194027,0.9453417332869406,0.4100773180558194,0.8947900857046623,0.37356900899203704,0.4070690466547645,0.042144339358549776,0.14480434311704038,0.12883679064842235
3795,0.7388811207369251,0.5069557717346121,0.660582454032317,0.45394824269662437,0.6529359429076959,0.3725979747206102,0.3855455284140462,0.1729493575223634,0.38046254968574633,0.32797751215340853
3652,0.953089151047233,0.8739661645232096,0.9753488014073195,0.49513953478168893,0.6797787960074338,0.49285754691395267,0.6560156161925284,0.19611118427292673,0.49243137485995314,0.2873812135943852
3676,0.8764414460162115,0.8166785606416052,0.7524101710763399,0.6294812349585062,0.7225503453661326,0.2981896243295241,0.39736016933459306,0.03732630876444587,0.2570691950425067,0.1971337060059507
3919,0.8463753458578959,0.6533696737561913,0.9043707178268062,0.3898461550437051,0.7960483072395685,0.2620041479385431,0.5409344070004933,0.031059235581618938,0.521835625424619,0.1186709825885569
3523,0.9239006615802549,0.8916317798384776,0.8894090504862473,0.6437368977108139,0.8076058478607447,0.20160672012255432,0.8148767152881914,0.38646805112633753,0.5770276856990161,0.10482471496978396
3503,0.9022364158352791,0.7891669125598177,0.7988912931280778,0.2402131290806453,0.4739319312224918,0.2050110696776325,0.6144556121977766,0.15560286532204415,0.18435970279964076,0.1611422160322844
3625,0.852550497106129,0.6573803937891902,0.9110530129012228,0.4193146895689124,0.639956587698399,0.29393332913250436,0.5539664579863698,0.16532756473705845,0.45445594471133155,0.11727593221130861
3664,0.9983560851332137,0.9818867776036874,0.8630828287730479,0.5947953355495995,0.7588559167580126,0.3280178006347457,0.5882126804771959,0.23407149564312668,0.316185265771047,0.2855551975169558
3701,0.6080931940926093,0.30715499061085194,0.5466734436992773,0.2811130716371988,0.3855412704614224,0.2506042300963517,0.2595708288463131,0.17261251820344392,0.20365549716747988,0.17657417326491776
3506,0.8987289114619262,0.8835979581856285,0.956762136447066,0.5992518760378253,0.82663493856159,0.3147461495311936,0.8482417637962981,0.23895935868604568,0.6178839473584153,0.2715734723598916
3662,0.9966575274384452,0.9951948313643246,0.9636251612357336,0.2944371178541748,0.6731033749647573,0.2414578741415635,0.8188998510555551,0.10235470467498176,0.33378666704967963,0.23901061319215022
3469,0.9394019691733472,0.7764942887107665,0.8333176509500123,0.6489507010127167,0.7301685648706991,0.46212964653136945,0.7489673458315553,0.52312268350136,0.7214491386449936,0.04266231398141451
3973,0.722476954170763,0.7065107287053499,0.8983440756758345,0.5236864419191075,0.5352315078972221,0.2705347838967185,0.4362800660242495,0.22967017423995162,0.4231660427006102,0.12614834327956415
3666,0.8564919223792996,0.8533111770963581,0.8399803542273602,0.49003381655897515,0.8182989501532919,0.16210851123467473,0.6981313857522758,0.31070899336940005,0.311799826841324,0.16060712931955545
3618,0.8647673055369957,0.6290226240392727,0.919532000039143,0.4828028983632223,0.6159393019894039,0.282341770676764,0.6157362009254933,0.07730598628622143,0.5985309874681688,0.1820025296996951
3443,0.9702818491027988,0.8358721800200882,0.8989698587356559,0.45395994315548494,0.8386074984369718,0.2293627396806326,0.3548617590547638,0.06758112261325633,0.19912571071510532,0.16978360152825767
3872,0.9911702502505226,0.82322656211355,0.8619386432488404,0.44001788571926725,0.8383033354875887,0.2609696491088197,0.7874084781377565,0.07614427706995253,0.5173406581998459,0.22018178068417793
3685,0.9774147466054337,0.5891992745216391,0.7524972004362236,0.4048231430640131,0.44982524472152585,0.07547210590625653,0.5017743210979377,0.0791235990516761,0.3393418881282608,0.05354677200968594
3850,0.816271919780423,0.6216622208636826,0.5942104482586659,0.4473108823192309,0.489324653813746,0.34392537527078726,0.5207975094227099,0.17852846767523178,0.468882034775577,0.22755221628595346
3591,0.9459226400607672,0.866472012694162,0.6631871015357588,0.5531943210825114,0.6502599803020626,0.43413956606042836,0.6367967856950927,0.17167889894900723,0.4167373103122768,0.27366054227297665
3714,0.9094677645372451,0.8448469410699057,0.6448659775894457,0.34503888343688305,0.4567545292351224,0.1508469331772685,0.5196511615823263,0.02254169824820773,0.42185758640145765,0.05077470359650549
3811,0.9102762323903729,0.740896036743661,0.9307987058946499,0.5878347571871343,0.6761045232058145,0.48993266768843746,0.7192327034129474,0.225881173192358,0.5219550290002836,0.19748123716901078
3626,0.9930246344154435,0.9746470128711644,0.7249854537441616,0.4357378118811861,0.6083940436212257,0.23826627987357563,0.6135039111569618,0.03447982528364113,0.35639282868241806,0.16905027786588867
3634,0.7765964637945926,0.712999659242733,0.8196223759535538,0.6232293057810175,0.6929331265735171,0.25160916410816514,0.49045999138046303,0.11561811958289814,0.4169027095994384,0.12675021231881223
3512,0.6559547297968195,0.5187790944163719,0.8302580835774283,0.1944131120983298,0.42274992418185975,0.15520179473571327,0.47430261741506174,0.04659649721116477,0.19058797607648859,0.11024575293794137
3859,0.9370690438480508,0.8009954624592102,0.9487457300749753,0.4823352839546128,0.5555399678892983,0.4379122727992857,0.7050322194132852,0.08433536127776653,0.38519684314717173,0.25153085250089136
3727,0.7792289811939612,0.7358288300179358,0.7882980745915444,0.5560165681872714,0.7550368336124642,0.3055907376137422,0.3211208457180037,0.2320813155415904,0.28870375126783854,0.03619739170280578
3756,0.7643221120879508,0.7075254494184865,0.9355518242780426,0.36527835835006184,0.44774700193221084,0.31888692785385353,0.6646461738461825,0.3099320044818177,0.3942263087943164,0.05976060825365592
3772,0.852738303084488,0.6371548622894909,0.7086366455671635,0.5349719516341881,0.6528797886826244,0.4192142146655128,0.636591779476241,0.2836886467092333,0.48871804452229173,0.05333034398092984
3476,0.8317799295484516,0.732659216855965,0.8647805616975989,0.7028195825360725,0.791160918328745,0.03347652882717611,0.28485703106105553,0.1977179411782347,0.27304757920211875,0.019462265194986728
3519,0.9486075855205882,0.8710277122789613,0.9819186116825391,0.7811714208599158,0.8406678272325594,0.5364206152639502,0.7286853395716337,0.18687189161844375,0.5100992206662825,0.1823501687322917
3454,0.9307609903641961,0.903984438632436,0.8851429239245575,0.4307372253900157,0.6680701138008596,0.16477527957839277,0.803643909792427,0.07116807191448704,0.24660469280342356,0.06879885368355632
3754,0.988083713012162,0.8180433967361495,0.9529376926180997,0.6508514156194708,0.944062925345647,0.48749203374949657,0.5244522215404185,0.025018468549973805,0.2942835216993409,0.042283501343841734
3738,0.9503053695349227,0.9502182908760729,0.8440747340654441,0.44277410548250695,0.7580660073439109,0.07884490628947927,0.3002092224949947,0.022134230712373415,0.09829016200404017,0.06497607742038569
3910,0.9059334656929822,0.7276901669976178,0.9209319507779025,0.6501252192703502,0.8311130966612655,0.5664555284844732,0.7076593857582921,0.10461068509646698,0.6981146486306598,0.13671918710185593
3796,0.9118468722723133,0.9109260496967613,0.7303665779067996,0.6207663861318347,0.7063350509605634,0.4916870494941127,0.5326837510177213,0.48437028236787805,0.5056381897513043,0.11453115972806494
3446,0.8339825162434634,0.8068950179107125,0.7849159591066801,0.6870261948478302,0.7035929879909439,0.1929459557613148,0.43557878234558833,0.22410848268240458,0.3662629288488275,0.16275375432926653
3835,0.9954545865502235,0.8338083907460568,0.9120984326923894,0.6739379652609433,0.8623956512350565,0.2728747490380027,0.7361536819627839,0.1439468500056892,0.34449781877184105,0.06631624056661878
3725,0.6086482036262788,0.49687357138594224,0.9765617412213519,0.2195044391172848,0.3446295466119157,0.12469856614370767,0.34699492930052445,0.11834682481843573,0.3401505479202216,0.04393641685554994
3783,0.8746957053175352,0.6133308816413928,0.5971513094231611,0.27417502652878045,0.4968495848185408,0.1915989453461414,0.472175019047017,0.23007322951941866,0.42007075063659716,0.10073689669367392
3769,0.9348579363850164,0.6669561173559622,0.7240886956760438,0.3394316606606591,0.6521255467184444,0.2739629673758409,0.488650385319234,0.01621128724144527,0.443123056372424,0.2558636726311523
3977,0.9078518281891497,0.9042678475580054,0.9517978041539606,0.6484803987343967,0.6866255013282421,0.20238833642947152,0.4991080660944882,0.2881003156760972,0.34643893601492237,0.18653764100592463
3590,0.8461501652363335,0.6481958606880425,0.9607308031975936,0.5048557804021951,0.7512503483268999,0.35916955767628533,0.46947184960535615,0.25062558523657485,0.4087702614788631,0.3138907141787607
3629,0.8803894450151734,0.7976564721631135,0.9243430440491822,0.7720065708558383,0.7788621925409195,0.14789784187414712,0.49462501864492403,0.007364007871596967,0.4186820971300831,0.08667144663172721
3897,0.9394608618265066,0.7062201092633393,0.9683078383823761,0.6905565693617943,0.8492882469243391,0.5073284564356141,0.6310761521982623,0.1619160104860461,0.3934824597399652,0.20433290917236913
3908,0.8708706992333057,0.7274302314656081,0.8831364217510076,0.5889605214008381,0.7280082577714567,0.3178976358853568,0.559982216349832,0.07303600600638083,0.08228891523989701,3.697024400350912e-05
3979,0.936463599097402,0.6900209271790377,0.9780488875919766,0.5750971802787469,0.6291671634881513,0.2338019314166534,0.5812521062611657,0.2483853702287283,0.5164136571136615,0.19050636958799738
3773,0.9121838534849465,0.7083141969666686,0.9224820166171773,0.5592876901249979,0.8006740475793052,0.49752310464849403,0.6668760603146249,0.04081093685694859,0.45731548362698016,0.2964618068008028
3903,0.7757378368295565,0.6966369794916382,0.9925604186366234,0.27399413586292176,0.6605075251903691,0.16685216110828816,0.3531505048405259,0.1126545970185372,0.272898943876424,0.13280316147000804
3957,0.9933364255429691,0.9316912352959612,0.8869208129423032,0.7009129783075888,0.8082779473998,0.4546617688154637,0.6695780043334031,0.394899428629339,0.4641962351238075,0.20292426206620628
3899,0.8319610080035282,0.5449473466207916,0.6618563426381816,0.3777749246263944,0.6414446093433896,0.30396497759166097,0.5415820959107086,0.2672433389449591,0.5410124491374207,0.2687022928105951
3655,0.8081758595856455,0.7812344384716372,0.670239612617372,0.3764454796414409,0.5386481433311453,0.3087226898681078,0.42607664257005373,0.06339746234375221,0.4062585418984562,0.06448005182785355
3940,0.8731119286633473,0.5864788445068255,0.7968240810722995,0.5124921414453747,0.7953260956042378,0.3090166662152841,0.47778163776603,0.10702795054924252,0.19267448917921637,0.07003180117283925
3913,0.9825275686981874,0.8813771134704284,0.9547734848893873,0.5389526720565375,0.7596008231649185,0.2700596424234206,0.8343502935955004,0.41415597525678527,0.6692932112586472,0.1872880878646377
3759,0.9477383171624029,0.9107459642766962,0.9888823390353757,0.7098065172362747,0.9141929339485994,0.6555768427684302,0.8962634637302637,0.1381286092694347,0.8488341636184473,0.41289831290167345
3571,0.9045865872701142,0.7261527994303238,0.6166265979664127,0.452958746105951,0.48120453588691403,0.26729913346243706,0.3606590856826256,0.08178627404764027,0.0980458322598251,0.06536239194633431
3498,0.9440676449046979,0.8200064448221778,0.5947775072905328,0.4220613389422575,0.4952057326803416,0.38206916561644466,0.4569895615733638,0.41663736508593363,0.44683748198701234,0.05037942369165227
3817,0.9513704239116769,0.7149076307828344,0.9530638155273591,0.2654704716724462,0.7290026139879543,0.19766842450726618,0.6521827324499633,0.23813005410001087,0.4380067267360518,0.042201090819519615
3547,0.9728481696763407,0.6933752331208193,0.8016560754923817,0.3735201048185697,0.48463771591367166,0.21336696640901076,0.6521655717902197,0.08498084053469945,0.25146472680230925,0.06225581942427438
3675,0.9635726742653915,0.6682792443967116,0.8326003984436987,0.6520192732550661,0.7371594349349951,0.3121152233057901,0.5280506661116051,0.1747098376393421,0.33464790086219365,0.007529311419347651
3753,0.961349677383941,0.944030377774753,0.8833418504118239,0.7134942779318036,0.7433470527675282,0.31705493389717787,0.7400199430250504,0.3636009771043549,0.5988012769943422,0.013735208376353114
3478,0.9906882589855752,0.594639326421071,0.9515933133587968,0.47213542404321973,0.8870635678320856,0.39610003124423165,0.5194107197789326,0.20060706008617113,0.28314845670078514,0.09206188699627826
3887,0.839338425201331,0.676233293386386,0.9126242657612064,0.4155199257637554,0.7001998800502242,0.28550239933347166,0.40374236161457366,0.19357544243191116,0.3792743550000802,0.218018631425284
3537,0.7234263765543929,0.7142973865574831,0.9614985939913062,0.551082361859779,0.6319671605783322,0.3573273081077778,0.6919824121856786,0.3290045829635986,0.4867505508304756,0.27151525301693114
3483,0.7450894840195409,0.6700346748124882,0.896229222730464,0.36643649993058736,0.679644338725578,0.29893660141211964,0.5722508186771963,0.23508272755766513,0.36515843968199846,0.2918138239556083
3848,0.9256454173114723,0.7339076127137503,0.9642003430925205,0.5077697427041066,0.6216408334599988,0.37330825486507524,0.41254422521181555,0.04113725024895454,0.07059679648842787,0.05443931924539869
3441,0.994381311850914,0.8823802929647407,0.7304371391078811,0.6422232994645009,0.6484249817702115,0.6188249908088866,0.65006205163232,0.1502496832353104,0.18013226145311856,0.04737335718912061
3541,0.8159585959947054,0.7727889530339508,0.9402329024340553,0.4239297517776005,0.5263794682997319,0.22026865566813691,0.2546618873594012,0.1935371605583921,0.23812842498153752,0.17298386448427494
3543,0.7599822243355181,0.7376520679744402,0.746813812612906,0.694041087091324,0.7306238317447223,0.294115492122491,0.4650745677382039,0.032843301422914584,0.37787878633083816,0.2812194945446609
3784,0.8574441014806955,0.8306655338527165,0.8877223080629062,0.42449133663582383,0.5852025752604719,0.1763891215361083,0.8213242354036878,0.19641026728201816,0.49808086902830595,0.10059960842181126
3844,0.8994043608282923,0.8731925121152531,0.9846533826017304,0.7446141101284973,0.8546366048979114,0.4074344661788327,0.5026734663296839,0.056655066070291804,0.25193050391765437,0.10332331133065242
3536,0.8340626958737829,0.712880202955125,0.9412887349814228,0.2981039814020674,0.4742337248237739,0.0938891606960085,0.3465282761568135,0.13663044404447,0.1755001670519496,0.007849810919184796
3661,0.998495078486974,0.7135147267188344,0.7111752610674521,0.41042123454449775,0.6925864715967887,0.22786834243446386,0.7029915028419929,0.17283776016827146,0.39443738390425176,0.20999515837034632
3672,0.7829442371970866,0.7130842419119894,0.7813791881760412,0.5383397995061727,0.5943236970554232,0.33309246055243524,0.45741754545125857,0.36676417375902115,0.3782090538930326,0.06036897391799989
3582,0.8984754494943008,0.7413403069524817,0.8088520432547729,0.5719193743293082,0.7031316524605478,0.31121462571270997,0.47874647483449595,0.20981062826606567,0.35316610623137823,0.24783884393279643
3771,0.8351331115659006,0.7587102262119072,0.7691867202970002,0.43070115697316125,0.6706507831350603,0.2694704734859025,0.36496495076331703,0.241251750907588,0.2706889376807997,0.06854840673079132
3911,0.89497546596374,0.7412325096935807,0.64206613344268,0.3037481971588414,0.4354317429097896,0.0059200248053641324,0.4841136430189953,0.21324480119798583,0.2995378339043998,0.0028952277303074814
3864,0.8235593454599491,0.5337857086807617,0.9442783412099901,0.3673968739442136,0.5553803426291448,0.33501355793993637,0.4306253631200233,0.18429068818531213,0.40913258275644204,0.28794610772391493
3594,0.971471918220622,0.8617280755288083,0.8202855941288738,0.35318804813603943,0.525165829912124,0.2686324180878287,0.5367713704967777,0.018548204868779172,0.35431341952756,0.1175030354059553
3700,0.8952424390959394,0.7848437981336027,0.8952001409043098,0.1891358328265671,0.6325656849940325,0.10108929355286145,0.6676666376561382,0.10895253809832806,0.1916597725878857,0.022950891014343444
3538,0.9821953086974847,0.6259041481697183,0.8091298148774808,0.5709370763597009,0.5973975317994281,0.2964663514755772,0.504878032395656,0.3214186307905519,0.493289574497374,0.037031509628051684
3965,0.61256900632466,0.5408033734287169,0.7960790391399963,0.36176870023144414,0.5598035379262376,0.24921576227763376,0.5169128007963097,0.3216131882973714,0.36851342539631715,0.14267119804148876
3840,0.4825533516066862,0.3710947784056102,0.9422512445372869,0.34634787052251537,0.3899356903279201,0.2698948351309538,0.3590488799834869,0.22643779980687329,0.28344406319132454,0.18448720871878288
3696,0.5386143400505797,0.49122863913268566,0.6728452734938698,0.28184312743832574,0.3344061217173221,0.02422586664914972,0.2855424005860723,0.23610034221745135,0.23873831275882063,0.010672355640424458
3941,0.7489955561570791,0.640014002999123,0.9386965260054292,0.46603461916178934,0.5357845242265037,0.41024166936601014,0.5484445213426387,0.275098971954295,0.4203764009313413,0.04888396477737256
3597,0.9674519698312892,0.9426761865034847,0.8792373063556161,0.7722228465719306,0.8493286493506523,0.15542251650042938,0.7675720775213046,0.5173852734281706,0.6858748245630515,0.04047883051821277
3526,0.993800501801834,0.8196765699904387,0.9545662536385222,0.565685971035202,0.8772271370204263,0.301767519927564,0.7172760212430409,0.4281006242327643,0.6404128421350299,0.11854222633623701
3819,0.9898811757035385,0.9496172653692061,0.7815089982015216,0.4103538518965648,0.4689537030444345,0.2595352687096304,0.3401204941154917,0.1779623349696241,0.20324454023879845,0.10788352038043103
3579,0.96409816166644,0.7551644705637874,0.8916546190702157,0.5910407185079416,0.7052601661319671,0.4028937576224325,0.4812145441378459,0.28738322059020993,0.3737594702591034,0.19126778725765314
3925,0.6317596291214022,0.5586725889483194,0.6321347407957251,0.29133422159362155,0.40093919052612326,0.16638132797538685,0.2111075035123079,0.15758429714564448,0.19875270333243855,0.15991682989314293
3814,0.9160887801130738,0.8979169605436005,0.8936135524929618,0.7125992880930088,0.8121683706661246,0.12037324858775611,0.7425670758025793,0.13821482018686126,0.6364919747085824,0.029296062527252587
3647,0.8324115820923949,0.7448623349697934,0.9603099520565841,0.44272116854985855,0.7679265213062317,0.1557819157073721,0.30082405787330213,0.20228491609672816,0.25559068412609065,0.04781394107386916
3688,0.6392615872916031,0.5057353375264426,0.8498031524541805,0.3850018338050213,0.45344146052928325,0.3789902794087333,0.50254762288706,0.15047242103073522,0.3118423261624149,0.2670950898201341
3658,0.9698584238584519,0.5727799654864805,0.6350669086171107,0.37267821870117024,0.40114255019472966,0.1249904781075819,0.35934745591562445,0.13847879991877132,0.18413539853411753,0.0644077329360716
3452,0.9539181734520406,0.5721125897311834,0.8003380386098282,0.38152486930554796,0.39893305516139643,0.111131346442917,0.23387951909513904,0.03466103132463816,0.12114569797572527,0.05828683785405586
3496,0.6468986721850455,0.5288672624734692,0.9297777887893789,0.40506065304818084,0.5623394422252251,0.17919068709601493,0.34979928033182306,0.29589404245445405,0.30838228419046754,0.020291724029635083
3481,0.9562838893816585,0.4362104269192528,0.8922038863589901,0.42929825495454654,0.8375753592088108,0.3152639402947899,0.3861926118661525,0.07168350506786814,0.38032967723926714,0.27099330521306164
3749,0.8734785222295132,0.764505973309484,0.9853524687605051,0.5619646262411214,0.8124941122667819,0.4484248201256613,0.7491875301564938,0.3202001219464513,0.4430086354741213,0.3633267626752179
3751,0.9297015450705648,0.8199341798733825,0.9039035735200731,0.7482677826952813,0.8993567119970044,0.4978846294696475,0.5240491697058888,0.016873337004353783,0.2679036133754489,0.030318155300187333
3827,0.9884244173515822,0.4351649774119146,0.9756074818639331,0.40014791379556114,0.7392466864292161,0.24474731484760304,0.35498615064505123,0.09071460749264237,0.18241439218676092,0.03459954378501884
3777,0.9469954277216531,0.8582969696739877,0.9874881293456617,0.3939083411809331,0.9223503028117933,0.19141970111941842,0.8164336940320953,0.017676952346735497,0.5703639591170221,0.10797616070308336
3881,0.8420615809675561,0.4949088193965868,0.8033028727345717,0.2501816686271049,0.33537145545214053,0.21002286691162664,0.41767979791469345,0.034289483165423906,0.23117115455891857,0.1419569781631721
3809,0.8583427664162231,0.8193952316296175,0.7661654715566896,0.5934414971860014,0.7547841115030371,0.5274976523345974,0.5391534785381162,0.295256287258054,0.44860044551746425,0.41876176444359736
3703,0.7567785792370879,0.5597508133806336,0.9787637388101839,0.5183384705581741,0.6059494048562278,0.1106604261778642,0.17154483049990954,0.09199206906960711,0.10686839492518263,0.10673939931328236
3598,0.9812659109858707,0.7124359189168604,0.7985274994527656,0.5469352808858008,0.6521970822718965,0.26088952435530854,0.7029060511651423,0.28277921479569634,0.32683056519282805,0.07367105570681642
3524,0.8789226580032323,0.6330914955323275,0.8322530358156999,0.3677718138779331,0.6337456064754781,0.20680925663350058,0.4386132597971121,0.09249167881201237,0.2246617278139007,0.13542303517888865
3865,0.986027759933585,0.8710538313950166,0.7838537866493632,0.39273578598009284,0.47397890242269614,0.10012723970976045,0.7372099485534738,0.37042702325224286,0.4521403042845116,0.06977536589416844
3871,0.9088921155978058,0.7116822303646548,0.8876510087699175,0.577655705565415,0.8717603863152,0.3857784592965616,0.46706366874813765,0.13937471896031506,0.31825313581406833,0.21622446636588943
3670,0.9736470684828331,0.9174285547360495,0.9665324273748194,0.7429282465964727,0.9045469025300145,0.7172362892950566,0.8908588244038397,0.5213316734552853,0.7175824347786128,0.4011159755759153
3531,0.8710349089386865,0.8206679743257513,0.9658436508969621,0.7762419438229757,0.8687497714617677,0.42605521565171167,0.7415382709879986,0.524350345729759,0.5682515474067547,0.37898315712492836
3720,0.971457387621065,0.7088080364593913,0.7718057722999733,0.5866191517090271,0.5955300412733643,0.5045094315024305,0.6467185885785214,0.19631458325055928,0.3982730018637398,0.2213356582297321
3564,0.8637941967572879,0.5557712546366291,0.9907558947217028,0.4137886866929922,0.5149134712027795,0.21949203005506712,0.37090552898824536,0.15237474942447993,0.2317236452576984,0.03256617849083299
3607,0.8160356058433493,0.7139586745048402,0.8698834302626941,0.28761469050824673,0.5399317248502531,0.23529645495038864,0.4830226180872986,0.006008998864643678,0.2821673065847098,0.17797280974446616
857,0.8538062875445643,0.7714070293900782,0.7312973126665719,0.41842533698825857,0.6923520114169417,0.17535822412967073,0.5645182053749077,0.2191139204045861,0.4208745883861752,0.08877036298705177
3459,0.8955329200735168,0.6836013137484415,0.9273034754434047,0.518338790158073,0.6453757158599664,0.41529950080032796,0.5523565333268535,0.11053949547584785,0.24038488732864305,0.12910877577275037
3875,0.7648503656388341,0.6779050323991639,0.7205003375656255,0.5265437055850896,0.720471400042794,0.21002412410335503,0.4046070695530899,0.09284502896834146,0.2521355349450658,0.03857634703454649
3723,0.9896474915843837,0.8534271963923818,0.7301386926411092,0.6327750717270338,0.6856877207132008,0.4289644371425475,0.6143073274676744,0.46843886543730406,0.6115341888787629,0.30399945494556635
3818,0.6424186723214583,0.5637724243029552,0.8954734421116259,0.3524995286644861,0.43512474163861226,0.060862494854459825,0.551157067159333,0.2553924098536139,0.2999555220261122,0.0028161286648805683
3489,0.794140882035946,0.7622064704791439,0.8039255856927476,0.43266753834070637,0.6701811737444434,0.2749680027624566,0.4323437701521954,0.06767558272938046,0.28635103176542587,0.17232558777226914
3665,0.9236031665232552,0.7857273497885439,0.9266094752572983,0.3357032335518175,0.6265604408711901,0.20165876182789255,0.33741538792814063,0.2020785475605339,0.22701915640876436,0.16193615003300244
3742,0.916922587040505,0.5213639901485227,0.7971909588044953,0.4377408890975628,0.44494107154591067,0.33099641036883565,0.33606229294656376,0.01600035632124641,0.1393218970602862,0.0795887376519161
3849,0.9969001601637046,0.9885272619530788,0.9092236204842957,0.13597879051081962,0.19444682014056114,0.11230794592033633,0.4445812441903151,0.05419250245711049,0.0666359642995461,0.040741574422003324
3507,0.711923371316568,0.6528892846418383,0.7754943503953587,0.5787684491354218,0.6518926356574821,0.06260476858581421,0.549222709914617,0.26774336194870774,0.35532349736852553,0.0014987491538750453
3560,0.7716661082790784,0.6909122302796294,0.9243775307473645,0.3348833303898736,0.6282215328062154,0.26346776422261364,0.3343811775208284,0.11892971211442649,0.26078502860464137,0.04277158488627719
3691,0.7256384009951841,0.6835454016539464,0.8392064024154544,0.24624538148345976,0.5375180175735133,0.07509409561902114,0.3599339186504823,0.15513061596207622,0.31192596205261647,0.029954612454552
3580,0.7805852810875333,0.49641930242871657,0.9083126087044554,0.49523062267281837,0.6529608212004843,0.4766621592817165,0.4933852433233782,0.14246482898670687,0.3972035555630963,0.39558697218607164
3532,0.9725033833595369,0.8599362641682554,0.8647985921822547,0.27686517071551897,0.8609916409037773,0.2436295339476785,0.4786423638916689,0.11790344438249745,0.3935975103948405,0.09534117217715377
3834,0.7604074746689717,0.6480628884191613,0.7318037897139742,0.6200115149765566,0.6864234963187974,0.5432674845721237,0.6071189571096381,0.4332700252716718,0.5056229618745123,0.22163902128551938
3970,0.8526730453888327,0.7193777210719844,0.94320235908169,0.45061798042642864,0.5770343640693556,0.3527589441053681,0.5262436790499914,0.12960005681681264,0.5173291915140715,0.2732713001490068
3461,0.834914756375143,0.7014380176736206,0.8587144406948393,0.4356567139552949,0.816920117503167,0.07826870277025677,0.340048557159507,0.2841205146499479,0.3039639374064055,0.05085390168910198
3585,0.93249257765361,0.911028798584382,0.863712805797224,0.7615934627241541,0.7805302415558406,0.10271534232425983,0.4676407542384887,0.1881651623976477,0.38494113165397204,0.005705297640513973
3581,0.6196839861871865,0.585238495054655,0.7939825314717907,0.39008444546190013,0.43573834268625766,0.30695099427898853,0.42635580306596776,0.27485633432657386,0.2788365922428694,0.17664509632583159
3565,0.7330723934427763,0.6088899736350221,0.9338698738541364,0.2686522192494929,0.6748602321328514,0.22230067528903874,0.5454648680270728,0.02265812966995895,0.39297808519740307,0.10652704993737439
3942,0.9991350827006722,0.8841312067103386,0.9560915460167704,0.49191907580470395,0.7810043589039307,0.1846353551051465,0.6577911961843806,0.46522862059842773,0.6439855016599801,0.0018263624558308988
3472,0.8751740307726436,0.6005478473462491,0.9797632043445439,0.4628588811296067,0.7561114493282001,0.2774655460874911,0.5187181467460972,0.1613557293930482,0.45415144406346586,0.1808411283749103
3572,0.812095981275517,0.7922631282652906,0.9554606362182448,0.30097032307702776,0.49395462069085405,0.23631292420739658,0.764189607075595,0.0655403491378278,0.3752938291549681,0.19944890402632365
3955,0.9602378295478703,0.8413781979228705,0.9941712496959207,0.29252004061198766,0.44432797094916954,0.203038752901611,0.28402301147367637,0.12332326304601993,0.2671684796610927,0.1919971113036495
3959,0.9080129399993542,0.6188651329379585,0.8914332504120556,0.5206479681933751,0.8666418791145625,0.3511244581500602,0.42645577765517373,0.18055232593271453,0.18415135756840362,0.18013979128344448
3467,0.8794875724821068,0.859087226323015,0.892675097086992,0.3792405269356395,0.535591202295615,0.20820103846688498,0.3762240318315808,0.23541369453654182,0.3176032804131419,0.16248696390516115
3963,0.9089137209731875,0.593755213064585,0.9416014221711765,0.2693616920550088,0.7241831796361808,0.1643077262223669,0.5236565187638789,0.13602361375208138,0.2972216961852975,0.0966557537276812
3566,0.9062196805881839,0.8191369369853193,0.8260016170711966,0.25260550902291057,0.3158555195654762,0.2524857541497775,0.7429126271751363,0.17334226591650193,0.26494877993694566,0.21423372287137388
3681,0.8789696946098889,0.6990378215381954,0.5286776839411794,0.4273766318019585,0.49956405088278333,0.2603203230574638,0.51374589423368,0.0048298200021896776,0.3155163345739026,0.15308332171922856
3898,0.6055939482055692,0.5769803489469805,0.9842802457069411,0.3201015709708577,0.481437588984585,0.29603709020327895,0.5008011503187181,0.10700688669330394,0.25274689734831346,0.1799379812173746
3755,0.9956146439749927,0.6940245838134976,0.6029800737746782,0.38355404945622307,0.5008901774540505,0.32964913712462784,0.46244793685999885,0.20062003327208733,0.44859224855684876,0.2709019793557599
3520,0.9958380662623807,0.7491806249217361,0.8743649033049087,0.39644582428948183,0.5272166182591302,0.20000534161546246,0.7065968481517974,0.21774987342496,0.4965624918958378,0.10311526994110431
3901,0.9583872531042743,0.887788677410325,0.8609989078134683,0.6987438756193292,0.8400101235501815,0.6187115816456182,0.6427387300803384,0.16778897060256737,0.5702886291041924,0.33402243928689535
3631,0.7485731935452068,0.5089157826270153,0.7094423460088193,0.2555801353375112,0.6496830061367626,0.23151959290937996,0.2931368991775444,0.11311949364656326,0.19696522611647438,0.06107608569054612
3654,0.9367010340241743,0.9354870794133768,0.5765215215195865,0.3129349023277427,0.40216659079427375,0.21692164317169205,0.5092638702559606,0.29146133282440745,0.3384623049090266,0.03409098649554032
3445,0.9013292378568776,0.7530439997304218,0.9966512822003568,0.6219061457970898,0.7612530158737856,0.6200794522790685,0.6368250829335256,0.5024005261411415,0.5824483363511261,0.558000927140453
3936,0.9169506704724876,0.8318062074458306,0.6936229507926183,0.32152384439321946,0.5013585339929519,0.2657715444888905,0.30196567668176466,0.16946005298006717,0.2156433263579326,0.07462261002602122
3689,0.8413148770038475,0.825098191152742,0.9652044494146762,0.6938100171967344,0.7370067273861948,0.48046459599363545,0.7471089584047087,0.11629351085751738,0.3832529833106685,0.3400322314713802
3632,0.9519506169878531,0.9469876769254609,0.9104821123429454,0.5501593862017689,0.66983558162793,0.46830440096377457,0.7521911756386155,0.2560741362966623,0.32964718665802073,0.2692904305331889
3678,0.9660666072541247,0.5825608619513435,0.8162995636499425,0.397531155685908,0.5332651980110501,0.235028657137188,0.5330785780482281,0.03295235149040965,0.14949588136858905,0.003674007473320473
3904,0.8638840794080219,0.6261419966343122,0.7688291996154971,0.4492713149802676,0.45098142375016803,0.4252208279308648,0.4993724564668163,0.04773170918098202,0.31845088884883954,0.2592974429241782
3880,0.9613048706253632,0.9231547159411079,0.880454928372274,0.7511742605900816,0.8586594733834172,0.12481132455031019,0.6594531551426747,0.0454445106152892,0.5806250597690373,0.10354085620035958
3548,0.8876544205338404,0.6846104107708015,0.8269257305328246,0.34689084647140733,0.6616839929071726,0.20505940280083979,0.29431434292446457,0.0973394895548898,0.1740331283271237,0.08859903816009274
3922,0.7009395496225898,0.6263704662439922,0.6212740861071685,0.4169696783380903,0.5992993164596636,0.34572821618163596,0.5777776559179795,0.32175452865044285,0.3345306496701478,0.22443232819417924
3588,0.9453173716626773,0.9027811686772829,0.8286327359923692,0.3014880899117103,0.33148227045113454,0.25243253116373066,0.7897849891197632,0.0856252178946072,0.2782365446320637,0.17238851636569352
3765,0.9012929586220004,0.7281869543927838,0.852273211841402,0.6066491181668014,0.7410194390839384,0.35222308780403555,0.6818684719523467,0.31938686780647674,0.6577691991851661,0.2500866983263059
3928,0.8610569686786881,0.8010707778572216,0.7868282660037669,0.44625864454353514,0.69058411336033,0.4032168437877308,0.4447405110606185,0.25616420349572233,0.39056972447456795,0.0917260844564387
3961,0.7196478293185904,0.47735749349197687,0.9038125218590639,0.43835375991541115,0.6946519006769073,0.3256827577012049,0.45125585945813906,0.24885760744877317,0.2816252117651501,0.014582979191449907
3744,0.9726029730886311,0.8625726636205034,0.618095737135518,0.13343920441295598,0.4708532053143032,0.06272138018711526,0.5286547844223384,0.1258969586627552,0.16931343296534285,0.004517896691639711
567,0.7379952736822599,0.6935218917368396,0.6631369094104338,0.48269083059426077,0.5516431613767393,0.20788072003808444,0.31644058600133107,0.22253300547391552,0.23674626233308116,0.04235839847506684
3806,0.8709978135717062,0.8404980884416173,0.7402102225480036,0.3899321755637427,0.6571344756858047,0.2603008800655121,0.6578802676536026,0.15179214042491396,0.2388349904984638,0.09391561537539717
3447,0.8523791310780072,0.7600982522421071,0.9093421890118997,0.6172440770290337,0.708531797053841,0.2165438466577141,0.733006670072312,0.5333575184544255,0.5338617950257606,0.16416611262049763
3694,0.9480582790638903,0.7621797279021804,0.9643540322102767,0.3846245845293338,0.5405084358009253,0.33489670049960196,0.529224602653868,0.09423947211891648,0.44100309975712193,0.21312913610076045
3444,0.9270034533235457,0.6729954315287262,0.9085997598932134,0.27470105410624057,0.8055302241985612,0.1753530788307438,0.41923123639985405,0.010122046187338252,0.3542035159224055,0.004280712587294788
3733,0.739139855056796,0.6906163002266422,0.96982604357791,0.19785020190763347,0.22600721773855947,0.10274510895116262,0.17881090785811327,0.12233750867019388,0.17198844934052893,0.03654696612895392
3704,0.7331828309702192,0.5043201668225218,0.766580834583167,0.3187287228312762,0.5204874178961041,0.2671956860930229,0.3031181556483291,0.05326592891979409,0.20406142714507458,0.1473944379888822
698,0.992155404809389,0.95930957396355,0.9432944020833453,0.6408970410496863,0.7244098740711048,0.19852438703481934,0.9094676453022263,0.4719971227963472,0.6737841987990305,0.030298952897443998
3932,0.9887997534605554,0.8490968277456753,0.9096794302735419,0.29010851589686815,0.5103036009757148,0.15418620037014408,0.6891637109539824,0.10532133376504782,0.3922845050556064,0.14312858336437284
3539,0.7377928201026869,0.6759696052019252,0.5390342550591826,0.2851152937081465,0.4455402525606027,0.26457758963011757,0.4159513936226773,0.17524515211318803,0.17741176257906865,0.05743033965765987
3746,0.9165203349643039,0.7114302425558839,0.9562294992682101,0.3335636106825858,0.49427167329092114,0.15641770853339,0.5093889107888501,0.03417119975165073,0.21741989878370982,0.145636682638299
3846,0.8320766439505491,0.7397615554605428,0.6952529491859057,0.482197658026565,0.6343081912393432,0.36136545141158205,0.6615694454720789,0.27983587019136125,0.5497615213435332,0.17636920827497737
3717,0.8692233348292485,0.7020319646988883,0.8061005491031127,0.5642001752526031,0.6826277522002726,0.5208983473259863,0.6677256402018962,0.1555713912086204,0.5978661198955362,0.39503162187786367
3946,0.9733693696903852,0.8868791305335516,0.8344421889196407,0.6071424729368681,0.6333207446694412,0.35841737697308684,0.6202363138748259,0.39598692572407734,0.5284647383101885,0.34299841001257103
3770,0.7784501868001995,0.7150468741547652,0.6812596584520766,0.4669170357870569,0.5351034827783446,0.13372231757760178,0.3710316169450778,0.18868817885584477,0.2515895607427131,0.1185414296765176
3575,0.9945952339927108,0.9352253177605917,0.8651784056294879,0.7217837453437586,0.7917661868012683,0.5900710174165458,0.7108952239686994,0.03345760793675756,0.5403386016190636,0.12962921052329857
3619,0.8767170938490206,0.7167207822956067,0.9208446875522462,0.22936240111334683,0.31837337908455654,0.16262215834943894,0.615884939526857,0.01684483715360563,0.28717982269947573,0.12451193206037436
3839,0.8047297130444594,0.7347971130637916,0.8067826138182057,0.45712431613561166,0.622889729735436,0.27219649253563505,0.7291003167144999,0.3761249673244743,0.6023584821231517,0.07252359993411972
3606,0.9735291283238398,0.9499350893738102,0.8118385813970723,0.36555237754345427,0.6203416376645339,0.06193411950551142,0.3508947553048526,0.01590872894866935,0.15857318923503372,0.015735019204689116
3673,0.5899615666391914,0.5877060628037453,0.9268813629216517,0.42500736712786935,0.4586872774139278,0.327103586316859,0.5404751005295324,0.15319938568817548,0.22061427363283503,0.0014103555633290243
3816,0.8991029550611692,0.8548906872297569,0.83274077027156,0.4077692454991265,0.46799456057944044,0.21141780698362878,0.7778848436528103,0.22270812975756593,0.3451691384157396,0.06281826390978029
3854,0.9407389677382818,0.8145480741340836,0.6765988674268155,0.24710878943440517,0.37140043515659105,0.07275092386721149,0.5270711842188814,0.0842721442525104,0.303409827670966,0.035949981700342915
3781,0.5758935729715262,0.36419730880933343,0.9051397876074407,0.2602479842621973,0.33314844152749745,0.22850380941503767,0.3331386658942672,0.2469640974743097,0.29901128255134035,0.035094935630620605
3952,0.9269841499133005,0.922084497757639,0.933846580814968,0.3542275131597793,0.9001878942763252,0.2969207989906476,0.865374470440784,0.014231059835588922,0.45493629353427567,0.02125503143747376
3939,0.8279477259728094,0.5448050868258586,0.8959491248856574,0.3350282358952116,0.4333375911572477,0.14959955261548608,0.4609355452447941,0.09022782382584282,0.2358691573532814,0.11142147949291925
3732,0.999679023634123,0.8526215603962211,0.8215771563610225,0.574211172634234,0.5962186788697094,0.09242862709688515,0.17421129622401488,0.11794615827061328,0.1587014763101846,0.04637729857213124
3439,0.9618412942758371,0.8738825712587326,0.9925181896121877,0.8253975041256596,0.9194873011030161,0.2657993943854553,0.7121036086323012,0.13470004583392936,0.6978490964044745,0.15655093353204208
3637,0.9523035276115612,0.9165644751463696,0.835321735825275,0.046450635226172654,0.7332559790452614,0.006946291281540229,0.5295717611871227,0.028975600476242036,0.44837239722318434,0.0009365804758701968
3477,0.9479101519052684,0.7436774402643042,0.97548397283286,0.4452142010296076,0.5380126126665268,0.240656096460371,0.7201418963492555,0.3297751911466267,0.41786079901050066,0.2236782885284454
3879,0.9547436130426094,0.6976113484876617,0.7722649253888157,0.358974013457229,0.5871144415808154,0.29078379288441547,0.5587531295158662,0.04060417465702004,0.5028052180801326,0.25673368127805163
3808,0.9929655462506156,0.9780929432568523,0.9337246307737025,0.5129577098626038,0.6284549104285814,0.43938906117506094,0.707368978109258,0.4441740714853871,0.5349656108526568,0.02930956858028777
3589,0.9384592717193947,0.7148014526424582,0.9742719668997222,0.3945917793650202,0.5482907689903546,0.23348295532033359,0.4405019681746378,0.03401858300576033,0.3951248119789008,0.221135499559869
3699,0.8364922464381841,0.5795073150755499,0.8165718904034737,0.2477169858137135,0.4241341810424608,0.21658788250420624,0.5667095944555455,0.02725688759215461,0.4087284251323675,0.05496398991508522
3653,0.8790261422388899,0.7678972435154294,0.9638305802639893,0.3592744284677495,0.6684887505251327,0.3353383128390758,0.7416958966509251,0.1504428958705205,0.6513771579040205,0.04833167538516714
3686,0.9236314722286546,0.5639914158511874,0.8822284398112568,0.31439075394001115,0.315811052501088,0.3115222743163839,0.36855637833980437,0.17837399258733966,0.25092982734545033,0.10821934491623753
